0 0.0867579908675799 0.589041095890411 0.06757990867579909 0.19178082191780824
0 0.15844748858447488 0.228310502283105 0.06301369863013699 0.15068493150684936
0 0.23881278538812786 0.22374429223744294 0.02648401826484019 0.09589041095890412
0 0.27077625570776254 0.27853881278538817 0.022831050228310515 0.08675799086757995
0 0.3278538812785389 0.21917808219178084 0.0237442922374429 0.1004566210045662
0 0.26073059360730594 0.3961187214611872 0.02648401826484019 0.08447488584474883
0 0.28584474885844746 0.4075342465753424 0.01826484018264839 0.07077625570776255
0 0.32146118721461187 0.430365296803653 0.021917808219178134 0.057077625570776294
0 0.31780821917808216 0.49885844748858443 0.021917808219178027 0.0844748858447489
0 0.18264840182648404 0.6061643835616439 0.027397260273972605 0.12100456621004561
0 0.14703196347031963 0.678082191780822 0.03470319634703195 0.1461187214611872
0 0.40319634703196344 0.8641552511415526 0.0648401826484018 0.17579908675799102
0 0.7904109589041096 0.8276255707762559 0.09406392694063925 0.13013698630136972
0 0.9634703196347032 0.884703196347032 0.07305936073059356 0.15296803652968038
0 0.9 0.7203196347031964 0.05388127853881272 0.10273972602739719
0 0.94337899543379 0.6894977168949771 0.0748858447488584 0.12328767123287676
0 0.8557077625570776 0.6244292237442922 0.07853881278538807 0.07990867579908681
0 0.7433789954337899 0.613013698630137 0.0438356164383562 0.0844748858447489
0 0.7310502283105024 0.7271689497716897 0.0557077625570777 0.08904109589041098
0 0.5575342465753423 0.8447488584474886 0.06666666666666664 0.1369863013698631
0 0.6228310502283105 0.8515981735159818 0.06575342465753437 0.12328767123287676
0 0.6614362806143629 0.7308011623080116 0.040680780406807886 0.10585305105853053
0 0.6004151100041512 0.737027812370278 0.034869240348692404 0.0809464508094645
0 0.3961809879618098 0.7183478621834786 0.05147364051473644 0.06849315068493154
0 0.2322125363221253 0.7266500622665006 0.04400166044001661 0.10585305105853067
0 0.22598588625985883 0.6488169364881693 0.029887920298879215 0.08717310087173118
0 0.32768783727687834 0.5886259858862598 0.024076380240763803 0.07056870070568692
0 0.612038190120382 0.6861768368617683 0.056454960564549524 0.07056870070568706
0 0.6954753009547531 0.5990037359900374 0.040680780406807886 0.11623080116230802
0 0.653964300539643 0.6394769613947696 0.03403902034039021 0.06849315068493154
0 0.49124117891241176 0.6965545869655461 0.04400166044001665 0.05811540058115412
0 0.5344126193441262 0.687214611872146 0.047322540473225344 0.0684931506849314
0 0.43810709838107104 0.6872146118721462 0.05064342050643425 0.07264425072644258
0 0.48625985886259854 0.6436280614362806 0.04234122042341219 0.07264425072644237
0 0.6394354503943545 0.5377750103777501 0.026567040265670413 0.05188875051888744
0 0.4792029887920299 0.30738895807388955 0.016604400166043972 0.04358655043586552
0 0.4982980489829804 0.27106683271066834 0.023246160232461507 0.04981320049813199
0 0.5327521793275217 0.2918223329182233 0.01411374014113747 0.03735990037359897
0 0.5468659194686591 0.29597343295973433 0.012453300124532945 0.03320880033208802
0 0.5099211290992112 0.35097550850975506 0.021585720215857192 0.03943545039435449
0 0.4829389788293898 0.3893731838937319 0.015774180157741922 0.04151100041510993
0 0.45222083852220835 0.3437110834371109 0.017434620174346164 0.04566210045662103
0 0.42233291822332913 0.3665421336654214 0.015774180157741853 0.045662100456621106
0 0.42689912826899123 0.42050643420506434 0.013283520132835206 0.03320880033208809
0 0.5618098796180988 0.2596513075965131 0.010792860107928562 0.035284350352843497
0 0.5775840597758406 0.27936903279369035 0.009132420091324178 0.03735990037359897
0 0.5900373599003735 0.29597343295973433 0.007471980074719724 0.04151100041511004
0 0.5946035699460357 0.24927355749273555 0.016604400166043903 0.05188875051888751
0 0.6149439601494396 0.27936903279369035 0.01577418015774178 0.03735990037359897
0 0.5738480697384807 0.34578663345786637 0.016604400166043903 0.03735990037359905
0 0.5364881693648818 0.4132420091324201 0.014943960149439519 0.03943545039435449
0 0.5580738895807389 0.4101286841012869 0.011623080116230753 0.03320880033208802
0 0.6107928601079285 0.5336239103362391 0.02905770029057713 0.03528435035284353
0 0.6070568700705686 0.5709838107098382 0.029887920298879253 0.04773765047737655
0 0.616604400166044 0.6228725612287256 0.035699460356994665 0.04773765047737641
0 0.5568285595682856 0.5523038605230386 0.040680780406807886 0.04773765047737641
0 0.5696969696969697 0.6207970112079702 0.03154836031548356 0.06849315068493161
