0 0.7566210045662101 0.9223744292237442 0.059360730593607226 0.15525114155251146
0 0.7972602739726028 0.8196347031963469 0.09680365296803657 0.12328767123287676
0 0.967579908675799 0.8904109589041096 0.06484018264840188 0.1735159817351598
0 0.8968036529680365 0.7134703196347032 0.06027397260273972 0.09360730593607315
0 0.9429223744292237 0.6974885844748858 0.057534246575342535 0.10730593607305934
0 0.7310502283105024 0.7271689497716894 0.06301369863013705 0.08904109589041098
0 0.7433789954337899 0.6164383561643835 0.034703196347031874 0.09132420091324199
0 0.8461187214611872 0.6267123287671232 0.04657534246575338 0.07077625570776255
0 0.406392694063927 0.8778538812785388 0.06940639269406397 0.2077625570776256
0 0.5579908675799087 0.8356164383561642 0.05114155251141561 0.13698630136986295
0 0.6082191780821918 0.839041095890411 0.06210045662100448 0.13013698630136972
0 0.6045662100456621 0.7522831050228311 0.05479452054794521 0.09817351598173517
0 0.6602739726027397 0.7260273972602741 0.04566210045662103 0.07305936073059356
0 0.6657534246575342 0.6849315068493153 0.05296803652968038 0.05936073059360737
0 0.5954337899543378 0.6837899543378996 0.040182648401826455 0.06164383561643845
0 0.5378995433789955 0.6906392694063928 0.05479452054794514 0.0662100456621006
0 0.08995433789954338 0.5753424657534246 0.055707762557077635 0.19634703196347034
0 0.14292237442922373 0.6815068493150684 0.04109589041095893 0.17579908675799102
0 0.18767123287671234 0.5924657534246575 0.02648401826484019 0.11187214611872143
0 0.15616438356164383 0.21689497716894976 0.07488584474885847 0.19178082191780824
0 0.23698630136986304 0.22374429223744294 0.03196347031963473 0.0730593607305936
0 0.2506849315068493 0.1643835616438356 0.03196347031963473 0.0776255707762557
0 0.32831050228310504 0.2146118721461187 0.02648401826484019 0.08219178082191782
0 0.26073059360730594 0.3961187214611872 0.024657534246575352 0.07990867579908681
0 0.28493150684931506 0.40525114155251146 0.01826484018264839 0.07077625570776255
0 0.3214611872146119 0.4623287671232877 0.02557077625570777 0.09817351598173517
0 0.3296803652968036 0.6038812785388128 0.029223744292237442 0.07990867579908681
0 0.4529680365296804 0.34474885844748854 0.01643835616438359 0.05022831050228312
0 0.4726027397260274 0.29680365296803657 0.019178082191780844 0.04109589041095891
0 0.5050228310502283 0.2659817351598173 0.018264840182648286 0.038812785388127866
0 0.4812785388127854 0.3835616438356165 0.01826484018264843 0.05022831050228312
0 0.5027397260273972 0.35159817351598177 0.011872146118721503 0.04109589041095894
0 0.5351598173515982 0.410958904109589 0.014611872146118685 0.04109589041095894
0 0.5461187214611872 0.3778538812785388 0.01278538812785392 0.04337899543379002
0 0.5337899543378996 0.29337899543379 0.013698630136986339 0.047945205479452115
0 0.5465753424657533 0.29566210045662106 0.008219178082191761 0.03881278538812783
0 0.5639269406392694 0.2557077625570776 0.019178082191780844 0.04109589041095894
0 0.5689497716894978 0.3207762557077626 0.01643835616438359 0.04337899543378995
0 0.5835616438356164 0.3025114155251141 0.009132420091324178 0.0388127853881279
0 0.5799086757990868 0.27853881278538817 0.009132420091324178 0.045662100456620995
0 0.5949771689497717 0.2888127853881279 0.011872146118721432 0.03424657534246574
0 0.6082191780821917 0.25 0.014611872146118685 0.025114155251141596
0 0.6146118721461187 0.2819634703196347 0.007305936073059271 0.029680365296803613
0 0.6287671232876711 0.3070776255707763 0.015525114155251174 0.03881278538812786
0 0.391324200913242 0.7340182648401824 0.0648401826484018 0.07990867579908681
0 0.445662100456621 0.6883561643835617 0.0529680365296803 0.07990867579908681
0 0.48949771689497723 0.6289954337899544 0.04200913242009136 0.0525114155251142
0 0.532420091324201 0.6095890410958904 0.03287671232876711 0.03652968036529678
0 0.654337899543379 0.5353881278538813 0.03378995433789953 0.047945205479452115
0 0.6118721461187215 0.5536529680365296 0.029223744292237442 0.03424657534246577
0 0.6045662100456621 0.5251141552511416 0.02557077625570777 0.031963470319634764
0 0.42648401826484017 0.3618721461187214 0.016438356164383522 0.05251141552511413
0 0.4301369863013699 0.4143835616438356 0.016438356164383522 0.04337899543379002
0 0.1406392694063927 0.9680365296803654 0.05479452054794521 0.06392694063926939
0 0.039269406392694065 0.9623287671232876 0.07671232876712328 0.07534246575342465
0 0.29269406392694064 0.6210045662100456 0.033789954337899566 0.0867579908675799
0 0.22922374429223744 0.6449771689497718 0.03470319634703195 0.07077625570776264
0 0.6986301369863014 0.58675799086758 0.03652968036529671 0.06392694063926939
