0 0.3972602739726028 0.8710045662100455 0.07671232876712324 0.17579908675799075
0 0.07899543378995434 0.5079908675799086 0.042922374429223746 0.13470319634703196
0 0.11872146118721462 0.4931506849315068 0.03287671232876711 0.1415525114155251
0 0.15479452054794518 0.5742009132420091 0.033789954337899546 0.13470319634703187
0 0.18721461187214616 0.5742009132420091 0.020091324200913228 0.11187214611872143
0 0.2004566210045662 0.6358447488584474 0.024657534246575352 0.14383561643835618
0 0.16118721461187213 0.24771689497716892 0.057534246575342465 0.14383561643835616
0 0.18036529680365299 0.1187214611872146 0.048401826484018286 0.09589041095890409
0 0.23470319634703196 0.228310502283105 0.029223744292237477 0.09589041095890416
0 0.3273972602739726 0.21575342465753422 0.02283105022831048 0.06621004566210047
0 0.2616438356164384 0.39497716894977175 0.024657534246575318 0.08219178082191782
0 0.2867579908675799 0.4018264840182648 0.01826484018264839 0.07762557077625573
0 0.31187214611872144 0.4623287671232877 0.017351598173515975 0.08904109589041098
0 0.3264840182648402 0.42922374429223736 0.017351598173515975 0.09132420091324199
0 0.32876712328767127 0.595890410958904 0.025570776255707736 0.06849315068493148
0 0.29497716894977166 0.6335616438356165 0.03105022831050224 0.07534246575342457
0 0.47625570776255705 0.2968036529680365 0.02100456621004568 0.045662100456620995
0 0.49954337899543383 0.271689497716895 0.01461187214611876 0.04566210045662103
0 0.5337899543378996 0.2876712328767123 0.010045662100456525 0.03652968036529682
0 0.506392694063927 0.3515981735159817 0.01735159817351601 0.04566210045662103
0 0.5383561643835617 0.35502283105022836 0.013698630136986268 0.03424657534246577
0 0.5337899543378996 0.4075342465753424 0.013698630136986339 0.029680365296803686
0 0.5579908675799087 0.3972602739726028 0.01278538812785392 0.031963470319634694
0 0.5716894977168949 0.4052511415525114 0.012785388127853849 0.03424657534246577
0 0.7630136986301369 0.9189497716894977 0.05205479452054803 0.16210045662100456
0 0.8383561643835616 0.83675799086758 0.06392694063926939 0.17123287671232873
0 0.9337899543378996 0.8470319634703196 0.10867579908675794 0.1506849315068493
0 0.9442922374429225 0.6860730593607306 0.07305936073059356 0.09360730593607315
0 0.8904109589041096 0.7077625570776256 0.049315068493150704 0.10502283105022826
0 0.8324200913242009 0.617579908675799 0.041095890410958874 0.08904109589041098
0 0.9789954337899544 0.6598173515981735 0.04200913242009136 0.09589041095890416
0 0.7470319634703196 0.613013698630137 0.04566210045662103 0.10273972602739725
0 0.7210045662100457 0.7248858447488584 0.05388127853881287 0.07990867579908681
0 0.7671232876712328 0.7922374429223745 0.049315068493150704 0.13698630136986295
0 0.6159817351598175 0.821917808219178 0.048401826484018286 0.09589041095890409
0 0.5634703196347032 0.8344748858447488 0.049315068493150704 0.1392694063926939
0 0.6054794520547945 0.7397260273972602 0.04200913242009143 0.07762557077625587
0 0.4940639269406393 0.6997716894977168 0.04748858447488587 0.061643835616438165
0 0.5369863013698629 0.6837899543378996 0.05114155251141547 0.05251141552511427
0 0.3954337899543379 0.7271689497716894 0.06392694063926939 0.06621004566210047
0 0.43789954337899545 0.6883561643835617 0.05022831050228312 0.07990867579908681
0 0.4853881278538813 0.6426940639269406 0.05388127853881279 0.05707762557077615
0 0.6630136986301369 0.7294520547945206 0.0420091324200915 0.08904109589041098
0 0.6684931506849315 0.5422374429223744 0.034703196347031874 0.04337899543378995
0 0.6365296803652969 0.593607305936073 0.03835616438356162 0.04566210045662103
0 0.6063926940639269 0.5593607305936074 0.020091324200913335 0.03652968036529678
0 0.5949771689497717 0.6735159817351598 0.02648401826484026 0.059360730593607226
0 0.6278538812785388 0.6666666666666665 0.0374429223744292 0.050228310502283054
0 0.6954337899543378 0.5878995433789954 0.028310502283105023 0.04337899543379002
0 0.7068493150684931 0.6563926940639269 0.03470319634703202 0.057077625570776294
0 0.4273972602739726 0.3641552511415525 0.010958904109589013 0.029680365296803613
0 0.4273972602739727 0.4029680365296804 0.01826484018264843 0.038812785388127866
0 0.44429223744292234 0.3641552511415525 0.008219178082191832 0.025114155251141596
0 0.4534246575342466 0.3470319634703196 0.010045662100456597 0.031963470319634694
0 0.5484018264840183 0.2945205479452055 0.015525114155251174 0.04109589041095891
