0 0.058447488584474884 0.4726027397260274 0.058447488584474884 0.1735159817351598
0 0.1187214611872146 0.5091324200913242 0.03470319634703195 0.1506849315068493
0 0.16164383561643839 0.43036529680365293 0.03835616438356165 0.14383561643835613
0 0.19908675799086759 0.31050228310502276 0.03835616438356162 0.1232876712328767
0 0.15753424657534246 0.23401826484018265 0.05205479452054796 0.13470319634703198
0 0.14337899543378996 0.1004566210045662 0.045662100456621016 0.09132420091324199
0 0.2410958904109589 0.2363013698630137 0.029223744292237442 0.10730593607305941
0 0.3251141552511416 0.21118721461187215 0.031050228310502276 0.07990867579908674
0 0.2598173515981735 0.3915525114155251 0.02648401826484019 0.07990867579908681
0 0.28721461187214614 0.4063926940639269 0.022831050228310515 0.07305936073059356
0 0.18493150684931506 0.5856164383561644 0.02648401826484019 0.12100456621004554
0 0.22420091324200914 0.660958904109589 0.031963470319634694 0.08904109589041091
0 0.32876712328767127 0.4429223744292237 0.020091324200913262 0.07762557077625566
0 0.31826484018264845 0.4394977168949772 0.019178082191780844 0.07990867579908667
0 0.2954337899543379 0.5730593607305936 0.021004566210045646 0.09132420091324199
0 0.40182648401826493 0.8641552511415516 0.06757990867579884 0.18493150684931497
0 0.7616438356164383 0.9143835616438356 0.058447488584474884 0.17123287671232873
0 0.7671232876712328 0.8047945205479452 0.06027397260273973 0.13013698630136986
0 0.9292237442922374 0.8687214611872147 0.10867579908675794 0.13470319634703187
0 0.9077625570776254 0.7579908675799086 0.09132420091324192 0.08219178082191789
0 0.9424657534246577 0.6906392694063928 0.07853881278538807 0.093607305936073
0 0.902283105022831 0.7168949771689498 0.07305936073059356 0.08219178082191775
0 0.7219178082191781 0.7237442922374429 0.05205479452054803 0.10502283105022826
0 0.7442922374429224 0.617579908675799 0.03652968036529686 0.1027397260273974
0 0.8296803652968037 0.613013698630137 0.041095890410958874 0.09360730593607322
0 0.5666666666666668 0.8196347031963469 0.03926940639269404 0.12328767123287676
0 0.6356164383561644 0.8139269406392694 0.0438356164383562 0.10730593607305934
0 0.6050228310502282 0.7442922374429223 0.03561643835616444 0.08219178082191775
0 0.5958904109589042 0.6655251141552512 0.024657534246575352 0.06164383561643831
0 0.39497716894977175 0.7203196347031964 0.05570776255707763 0.07990867579908667
0 0.4438356164383562 0.6860730593607306 0.04383561643835612 0.07534246575342479
0 0.4931506849315069 0.6997716894977168 0.03835616438356162 0.07077625570776248
0 0.5397260273972603 0.6837899543378996 0.0529680365296803 0.06164383561643845
0 0.5041095890410959 0.2625570776255708 0.010958904109589013 0.04566210045662103
0 0.5315068493150685 0.29452054794520544 0.012785388127853849 0.031963470319634694
0 0.5452054794520548 0.2876712328767123 0.007305936073059413 0.03196347031963473
0 0.5570776255707763 0.29337899543379 0.014611872146118685 0.0342465753424657
0 0.5639269406392694 0.2568493150684932 0.013698630136986339 0.0388127853881279
0 0.5963470319634703 0.252283105022831 0.014611872146118685 0.04337899543378995
0 0.5789954337899543 0.271689497716895 0.01278538812785392 0.031963470319634694
0 0.5863013698630137 0.3127853881278539 0.012785388127853849 0.03652968036529678
0 0.6123287671232877 0.2796803652968036 0.013698630136986339 0.04337899543378995
0 0.6273972602739726 0.25342465753424653 0.020091324200913193 0.03652968036529682
0 0.630593607305936 0.3002283105022831 0.010045662100456668 0.02968036529680365
0 0.667123287671233 0.5399543378995434 0.03378995433789953 0.04337899543378995
0 0.6598173515981736 0.7226027397260275 0.03561643835616437 0.07534246575342465
0 0.6972602739726027 0.593607305936073 0.019178082191780844 0.05479452054794521
0 0.6388127853881279 0.5924657534246576 0.03378995433789953 0.04337899543379002
0 0.3584474885844749 0.5536529680365296 0.015525114155251174 0.04337899543378988
0 0.580365296803653 0.5639269406392695 0.024657534246575352 0.0273972602739726
