0 0.07351598173515982 0.776255707762557 0.053881278538812784 0.16438356164383564
0 0.14246575342465753 0.9623287671232876 0.058447488584474884 0.07534246575342465
0 0.049771689497716896 0.9554794520547945 0.07031963470319635 0.08904109589041098
0 0.4132420091324201 0.8710045662100458 0.0757990867579909 0.20319634703196343
0 0.5785388127853881 0.9155251141552512 0.07214611872146115 0.13242009132420093
0 0.9159817351598173 0.8550228310502282 0.10045662100456625 0.15296803652968025
0 0.8963470319634703 0.7248858447488584 0.03926940639269418 0.11187214611872136
0 0.9337899543378996 0.6815068493150684 0.06484018264840188 0.11643835616438353
0 0.828310502283105 0.6050228310502282 0.049315068493150704 0.09589041095890416
0 0.7461187214611872 0.6118721461187213 0.040182648401826525 0.09132420091324199
0 0.7748858447488584 0.7876712328767123 0.046575342465753525 0.11415525114155259
0 0.7219178082191781 0.723744292237443 0.04657534246575338 0.08675799086757977
0 0.6360730593607307 0.8059360730593608 0.03378995433789953 0.09132420091324206
0 0.5698630136986301 0.8013698630136986 0.0438356164383562 0.07305936073059356
0 0.6059360730593607 0.7442922374429224 0.04292237442922378 0.07305936073059356
0 0.07625570776255708 0.06963470319634703 0.05570776255707763 0.10273972602739725
0 0.06347031963470322 0.45433789954337866 0.063013698630137 0.18264840182648406
0 0.12420091324200913 0.5091324200913242 0.03470319634703195 0.12785388127853878
0 0.18538812785388128 0.5810502283105023 0.02557077625570777 0.11187214611872143
0 0.13424657534246573 0.2796803652968036 0.034703196347031964 0.1392694063926941
0 0.16438356164383564 0.21004566210045664 0.04200913242009133 0.10502283105022833
0 0.18767123287671234 0.16210045662100456 0.04657534246575345 0.1095890410958904
0 0.24018264840182646 0.23630136986301367 0.02739726027397257 0.08447488584474887
0 0.3255707762557078 0.2123287671232877 0.02648401826484019 0.06392694063926943
0 0.2625570776255708 0.39497716894977164 0.02100456621004568 0.06392694063926939
0 0.2867579908675799 0.36757990867579904 0.0237442922374429 0.06392694063926946
0 0.2853881278538813 0.545662100456621 0.024657534246575352 0.05022831050228312
0 0.23013698630136986 0.6518264840182648 0.03470319634703195 0.07077625570776255
0 0.29817351598173514 0.6312785388127854 0.031963470319634694 0.06164383561643838
0 0.32968036529680367 0.5821917808219179 0.03287671232876708 0.06392694063926939
0 0.32922374429223744 0.43721461187214616 0.02100456621004568 0.07534246575342457
0 0.31141552511415527 0.45205479452054786 0.018264840182648356 0.08219178082191782
0 0.39817351598173517 0.7203196347031964 0.04383561643835612 0.06164383561643831
0 0.44109589041095887 0.6986301369863013 0.04383561643835612 0.06392694063926939
0 0.4438356164383562 0.6495433789954338 0.03287671232876711 0.047945205479452045
0 0.4593607305936073 0.6061643835616438 0.04200913242009136 0.04337899543378995
0 0.5 0.6940639269406392 0.04292237442922371 0.05936073059360737
0 0.5397260273972602 0.6792237442922374 0.04566210045662103 0.06621004566210047
0 0.5858447488584475 0.6655251141552512 0.03013698630136986 0.05707762557077622
0 0.6392694063926941 0.5844748858447489 0.03287671232876718 0.04566210045662103
0 0.6794520547945205 0.5445205479452055 0.034703196347031874 0.04337899543378981
0 0.6114155251141552 0.6152968036529681 0.04292237442922371 0.05707762557077622
0 0.7 0.5970319634703197 0.03378995433789953 0.038812785388127935
0 0.7164383561643836 0.9383561643835617 0.041095890410958874 0.1187214611872146
0 0.763013698630137 0.8755707762557077 0.048401826484018216 0.16666666666666657
0 0.6643835616438355 0.7317351598173516 0.05388127853881272 0.08904109589041084
0 0.6328767123287671 0.6712328767123288 0.03652968036529686 0.04566210045662103
0 0.5835616438356164 0.5582191780821918 0.03470319634703202 0.029680365296803613
0 0.5844748858447489 0.31963470319634707 0.014611872146118685 0.04109589041095894
0 0.5662100456621004 0.3881278538812785 0.014611872146118685 0.04109589041095894
0 0.5561643835616438 0.34018264840182644 0.016438356164383522 0.03652968036529678
0 0.5333333333333333 0.34474885844748854 0.01643835616438345 0.041095890410958874
0 0.5054794520547945 0.35502283105022825 0.017351598173515937 0.04337899543379002
0 0.5351598173515981 0.40981735159817345 0.01643835616438359 0.04337899543379002
0 0.4817351598173516 0.3881278538812785 0.013698630136986339 0.04566210045662103
0 0.4648401826484019 0.3561643835616438 0.010958904109589085 0.04566210045662103
0 0.45342465753424654 0.34474885844748854 0.011872146118721503 0.041095890410958874
0 0.480365296803653 0.3002283105022831 0.014611872146118685 0.047945205479452004
0 0.45662100456621 0.41780821917808225 0.012785388127853849 0.03652968036529678
0 0.630593607305936 0.2990867579908676 0.011872146118721432 0.03652968036529682
0 0.6301369863013698 0.2557077625570776 0.014611872146118685 0.03652968036529682
0 0.6095890410958904 0.24885844748858446 0.015525114155251103 0.027397260273972643
0 0.6155251141552511 0.2831050228310502 0.01278538812785392 0.03652968036529682
0 0.5794520547945206 0.2705479452054794 0.011872146118721503 0.03424657534246574
0 0.5666666666666668 0.2591324200913242 0.015525114155251174 0.02968036529680365
0 0.5538812785388129 0.2842465753424657 0.013698630136986268 0.025114155251141527
0 0.5420091324200914 0.2614155251141553 0.010045662100456668 0.029680365296803686
0 0.5365296803652968 0.2899543378995434 0.011872146118721432 0.031963470319634694
0 0.5031963470319635 0.2648401826484018 0.010958904109589085 0.03652968036529678
