0 0.39954337899543374 0.8687214611872146 0.0593607305936073 0.20319634703196357
0 0.580365296803653 0.9200913242009133 0.07397260273972606 0.1324200913242008
0 0.5625570776255707 0.7910958904109588 0.05479452054794521 0.11643835616438353
0 0.6041095890410958 0.7294520547945206 0.03926940639269404 0.07990867579908681
0 0.6378995433789955 0.815068493150685 0.0374429223744292 0.11415525114155259
0 0.9118721461187215 0.8470319634703196 0.09223744292237442 0.11415525114155244
0 0.8981735159817351 0.7203196347031963 0.03561643835616451 0.10730593607305948
0 0.9319634703196346 0.6872146118721462 0.05388127853881272 0.12328767123287669
0 0.8296803652968038 0.6141552511415526 0.048401826484018355 0.08219178082191789
0 0.7438356164383562 0.6061643835616438 0.03926940639269418 0.07990867579908674
0 0.7757990867579909 0.7785388127853881 0.04474885844748854 0.09589041095890423
0 0.7004566210045663 0.8744292237442923 0.04566210045662103 0.15981735159817348
0 0.7598173515981734 0.8789954337899542 0.043835616438356054 0.12328767123287676
0 0.0776255707762557 0.7442922374429223 0.043835616438356165 0.1735159817351598
0 0.0639269406392694 0.4748858447488585 0.04566210045662101 0.18721461187214616
0 0.021004566210045664 0.07876712328767123 0.04200913242009133 0.15753424657534246
0 0.12968036529680366 0.2534246575342466 0.0365296803652968 0.12785388127853886
0 0.16073059360730596 0.17579908675799086 0.04200913242009133 0.1278538812785388
0 0.1936073059360731 0.14497716894977167 0.029223744292237477 0.14840182648401826
0 0.2401826484018265 0.2328767123287671 0.023744292237442934 0.08675799086757995
0 0.11826484018264839 0.49543378995433784 0.03744292237442922 0.15525114155251138
0 0.18310502283105023 0.589041095890411 0.037442922374429234 0.12328767123287669
0 0.26529680365296804 0.3972602739726028 0.03196347031963466 0.11415525114155244
0 0.28584474885844746 0.3002283105022831 0.023744292237442934 0.08447488584474887
0 0.3429223744292237 0.2945205479452055 0.024657534246575352 0.0730593607305936
0 0.3082191780821918 0.4337899543378995 0.015525114155251174 0.10045662100456625
0 0.32785388127853876 0.4280821917808219 0.01826484018264843 0.06621004566210047
0 0.2899543378995434 0.5559360730593608 0.022831050228310515 0.0662100456621004
0 0.3264840182648402 0.5742009132420091 0.03561643835616437 0.06164383561643838
0 0.28812785388127854 0.6073059360730594 0.04109589041095894 0.07305936073059364
0 0.39817351598173517 0.7237442922374429 0.05479452054794521 0.06392694063926939
0 0.4397260273972603 0.6860730593607306 0.041095890410958874 0.06621004566210047
0 0.6611872146118722 0.7248858447488584 0.05114155251141547 0.093607305936073
0 0.717351598173516 0.7054794520547945 0.0374429223744292 0.07762557077625587
0 0.6388127853881279 0.5742009132420091 0.03561643835616429 0.05251141552511407
0 0.7022831050228311 0.5890410958904111 0.023744292237443006 0.050228310502283054
0 0.7073059360730594 0.6495433789954338 0.019178082191780844 0.047945205479452045
0 0.452054794520548 0.341324200913242 0.010958904109589013 0.04794520547945197
0 0.4671232876712328 0.35616438356164387 0.010045662100456597 0.031963470319634694
0 0.4821917808219178 0.3858447488584475 0.012785388127853849 0.03652968036529686
0 0.5082191780821919 0.35159817351598177 0.015525114155251103 0.04109589041095894
0 0.54337899543379 0.6894977168949771 0.049315068493150704 0.05479452054794521
0 0.49589041095890407 0.704337899543379 0.04566210045662096 0.07077625570776248
0 0.49543378995433784 0.6484018264840182 0.026484018264840117 0.07305936073059356
0 0.5931506849315069 0.6792237442922374 0.03013698630136993 0.057077625570776294
0 0.6077625570776256 0.5422374429223744 0.022831050228310588 0.04794520547945197
0 0.6018264840182649 0.610730593607306 0.027397260273972605 0.0525114155251142
0 0.628310502283105 0.6278538812785388 0.01826484018264843 0.05022831050228312
0 0.40045662100456625 0.5319634703196348 0.013698630136986268 0.03652968036529686
0 0.428310502283105 0.45433789954337894 0.020091324200913262 0.031963470319634694
0 0.5799086757990867 0.567351598173516 0.027397260273972605 0.034246575342465634
