0 0.026940639269406392 0.060502283105022835 0.053881278538812784 0.12100456621004567
0 0.05251141552511415 0.4668949771689498 0.0593607305936073 0.18493150684931514
0 0.07716894977168949 0.7511415525114156 0.03744292237442922 0.19178082191780818
0 0.11826484018264839 0.49657534246575347 0.03744292237442922 0.1666666666666667
0 0.18493150684931506 0.5730593607305936 0.024657534246575352 0.10502283105022833
0 0.25799086757990863 0.5365296803652968 0.02831050228310499 0.10502283105022833
0 0.1319634703196347 0.24200913242009128 0.031963470319634715 0.136986301369863
0 0.1598173515981735 0.1678082191780822 0.04566210045662098 0.12557077625570778
0 0.22922374429223744 0.678082191780822 0.04566210045662103 0.06392694063926953
0 0.41278538812785387 0.8550228310502282 0.05114155251141547 0.1803652968036529
0 0.35342465753424657 0.8139269406392694 0.05479452054794521 0.08904109589041084
0 0.5863013698630136 0.8972602739726028 0.0694063926940639 0.10045662100456625
0 0.5625570776255708 0.8127853881278538 0.047488584474885936 0.10958904109589042
0 0.6114155251141553 0.7374429223744292 0.03926940639269404 0.07762557077625559
0 0.6908675799086756 0.8470319634703196 0.050228310502283054 0.12328767123287676
0 0.7589041095890411 0.8789954337899545 0.03835616438356169 0.1461187214611873
0 0.9114155251141552 0.8413242009132421 0.09680365296803643 0.12557077625570756
0 0.7803652968036531 0.7910958904109588 0.061187214611872064 0.12557077625570784
0 0.7356164383561642 0.7226027397260273 0.050228310502283054 0.09360730593607315
0 0.8287671232876714 0.617579908675799 0.03561643835616437 0.10273972602739725
0 0.6625570776255708 0.7237442922374429 0.05388127853881279 0.06392694063926939
0 0.750228310502283 0.6141552511415526 0.030136986301369864 0.06849315068493161
0 0.7082191780821918 0.6426940639269406 0.03013698630136986 0.03424657534246585
0 0.6990867579908675 0.5947488584474886 0.024657534246575352 0.047945205479452045
0 0.8958904109589042 0.7031963470319634 0.040182648401826525 0.09132420091324206
0 0.934703196347032 0.699771689497717 0.05388127853881287 0.07990867579908667
0 0.9625570776255707 0.6746575342465754 0.05662100456621005 0.10273972602739719
0 0.3050228310502283 0.42922374429223736 0.01826484018264839 0.08219178082191782
0 0.3242009132420091 0.42922374429223753 0.018264840182648356 0.0593607305936073
0 0.36210045662100454 0.24429223744292236 0.015525114155251103 0.05479452054794521
0 0.28036529680365296 0.2328767123287671 0.021917808219178134 0.06392694063926939
0 0.2406392694063927 0.23059360730593606 0.024657534246575352 0.05479452054794521
0 0.2506849315068493 0.3093607305936073 0.024657534246575352 0.07990867579908681
0 0.2374429223744292 0.16210045662100456 0.03470319634703195 0.06849315068493148
0 0.5319634703196346 0.6757990867579909 0.061187214611872064 0.0867579908675799
0 0.6474885844748859 0.58675799086758 0.040182648401826455 0.04566210045662103
0 0.630593607305936 0.6255707762557077 0.031963470319634694 0.05022831050228312
0 0.5831050228310503 0.6404109589041096 0.048401826484018286 0.06164383561643831
0 0.5917808219178082 0.2579908675799087 0.020091324200913335 0.06392694063926946
0 0.6187214611872146 0.2614155251141553 0.015525114155251103 0.03424657534246574
0 0.6301369863013698 0.2511415525114155 0.014611872146118685 0.03652968036529678
0 0.4420091324200914 0.6929223744292237 0.03835616438356169 0.08447488584474883
0 0.40319634703196344 0.7180365296803654 0.05570776255707763 0.07077625570776264
0 0.3255707762557078 0.5753424657534246 0.03378995433789953 0.05022831050228298
0 0.29223744292237447 0.5684931506849316 0.023744292237442934 0.0776255707762558
0 0.29726027397260274 0.6952054794520548 0.031963470319634764 0.047945205479452115
0 0.3383561643835617 0.6689497716894977 0.028310502283105096 0.0684931506849314
0 0.45844748858447487 0.6438356164383562 0.04200913242009129 0.05479452054794514
0 0.49726027397260275 0.6289954337899544 0.022831050228310515 0.0662100456621004
