0 0.08036529680365297 0.7751141552511416 0.06575342465753425 0.16210045662100456
0 0.12374429223744292 0.5251141552511416 0.05570776255707763 0.1735159817351598
0 0.06575342465753424 0.4897260273972603 0.0547945205479452 0.21232876712328774
0 0.0319634703196347 0.07077625570776255 0.0639269406392694 0.1415525114155251
0 0.12876712328767123 0.2191780821917808 0.04200913242009131 0.1552511415525114
0 0.15753424657534246 0.16666666666666663 0.0648401826484018 0.1598173515981735
0 0.2374429223744292 0.23515981735159816 0.027397260273972605 0.0593607305936073
0 0.2534246575342466 0.19977168949771687 0.03378995433789953 0.09817351598173514
0 0.23561643835616441 0.339041095890411 0.03470319634703195 0.08904109589041091
0 0.26164383561643834 0.4657534246575343 0.03378995433789953 0.11415525114155259
0 0.18584474885844748 0.5810502283105022 0.03926940639269404 0.14383561643835618
0 0.1406392694063927 0.9623287671232876 0.05114155251141554 0.07534246575342465
0 0.05251141552511415 0.9646118721461187 0.06484018264840183 0.07077625570776264
0 0.21004566210045664 0.7739726027397259 0.02557077625570777 0.07305936073059356
0 0.23378995433789954 0.8767123287671232 0.03287671232876715 0.10502283105022826
0 0.48082191780821915 0.8515981735159818 0.084931506849315 0.1187214611872146
0 0.3703196347031964 0.8321917808219177 0.057534246575342465 0.12100456621004568
0 0.9105022831050228 0.8584474885844748 0.10228310502283108 0.1232876712328766
0 0.8986301369863015 0.70662100456621 0.032876712328767044 0.13013698630136986
0 0.9324200913242009 0.6997716894977168 0.049315068493150704 0.10273972602739732
0 0.9570776255707761 0.6484018264840182 0.06575342465753423 0.09589041095890416
0 0.8296803652968038 0.6073059360730594 0.04292237442922371 0.0867579908675799
0 0.5858447488584474 0.9052511415525114 0.0648401826484018 0.11643835616438353
0 0.5675799086757991 0.8082191780821918 0.05388127853881279 0.11415525114155244
0 0.6917808219178082 0.8515981735159818 0.048401826484018216 0.12785388127853878
0 0.7561643835616438 0.8687214611872147 0.04200913242009136 0.13926940639269403
0 0.7899543378995435 0.7785388127853882 0.04748858447488587 0.10958904109589042
0 0.7515981735159818 0.699771689497717 0.04748858447488587 0.07990867579908667
0 0.7575342465753425 0.6050228310502282 0.04474885844748869 0.08675799086757983
0 0.7095890410958904 0.6484018264840182 0.02922374429223737 0.04109589041095901
0 0.6995433789954337 0.5901826484018265 0.021917808219178027 0.03424657534246585
0 0.6885844748858447 0.6187214611872146 0.020091324200913335 0.05479452054794514
0 0.49132420091324197 0.6986301369863014 0.04566210045662089 0.059360730593607226
0 0.5401826484018264 0.6849315068493153 0.05205479452054796 0.05936073059360737
0 0.5785388127853881 0.6461187214611873 0.03561643835616429 0.07762557077625566
0 0.2835616438356164 0.24200913242009134 0.021004566210045646 0.0867579908675799
0 0.30821917808219174 0.430365296803653 0.01735159817351601 0.10730593607305934
0 0.3214611872146119 0.43036529680365293 0.01095890410958905 0.07990867579908674
0 0.36757990867579904 0.24200913242009128 0.017351598173515937 0.06392694063926943
0 0.28949771689497716 0.5582191780821918 0.027397260273972605 0.06164383561643838
0 0.4789954337899543 0.2876712328767123 0.013698630136986339 0.05479452054794521
0 0.4657534246575342 0.34018264840182655 0.012785388127853849 0.027397260273972605
0 0.6159817351598174 0.2557077625570776 0.015525114155251032 0.04109589041095894
0 0.6351598173515981 0.25342465753424653 0.013698630136986197 0.03652968036529682
0 0.6493150684931507 0.2454337899543379 0.010958904109589013 0.02968036529680365
0 0.6063926940639268 0.7420091324200914 0.03105022831050235 0.08219178082191789
0 0.6634703196347032 0.7203196347031963 0.04292237442922385 0.057077625570776294
0 0.6328767123287672 0.7876712328767124 0.03470319634703209 0.08219178082191789
0 0.6657534246575342 0.6769406392694063 0.06392694063926939 0.057077625570776294
0 0.6497716894977168 0.5810502283105022 0.03378995433789953 0.038812785388127796
0 0.6287671232876713 0.6210045662100456 0.0337899543378996 0.07305936073059356
0 0.5931506849315069 0.6073059360730594 0.03561643835616444 0.06392694063926939
0 0.43652968036529677 0.6906392694063928 0.031050228310502206 0.07534246575342465
0 0.4068493150684931 0.7191780821917808 0.04657534246575345 0.05936073059360737
0 0.419634703196347 0.3698630136986301 0.008219178082191832 0.03652968036529678
0 0.3214611872146119 0.5525114155251142 0.020091324200913262 0.041095890410958805
0 0.6132420091324201 0.5536529680365296 0.02648401826484026 0.038812785388127796
