0 0.07260273972602739 0.7351598173515981 0.050228310502283116 0.18721461187214616
0 0.13972602739726028 0.9657534246575342 0.05662100456621005 0.06849315068493154
0 0.05570776255707763 0.9623287671232877 0.05114155251141553 0.07534246575342465
0 0.06210045662100457 0.4646118721461187 0.06027397260273973 0.1621004566210046
0 0.12009132420091323 0.5057077625570776 0.042922374429223725 0.18493150684931506
0 0.1812785388127854 0.5799086757990868 0.0374429223744292 0.1324200913242008
0 0.02968036529680365 0.0684931506849315 0.0593607305936073 0.136986301369863
0 0.12511415525114156 0.23858447488584475 0.04931506849315067 0.18036529680365296
0 0.16118721461187213 0.18949771689497716 0.046575342465753435 0.1415525114155251
0 0.2867579908675799 0.19748858447488582 0.025570776255707736 0.08447488584474884
0 0.26164383561643834 0.2545662100456621 0.021004566210045646 0.07990867579908677
0 0.23698630136986304 0.22488584474885845 0.02283105022831048 0.09360730593607308
0 0.22876712328767126 0.3538812785388128 0.021004566210045646 0.09589041095890412
0 0.2547945205479452 0.36073059360730597 0.025570776255707736 0.0867579908675799
0 0.2726027397260274 0.5376712328767124 0.02283105022831048 0.0844748858447489
0 0.29406392694063926 0.48287671232876717 0.021917808219178134 0.07990867579908688
0 0.32237442922374426 0.4429223744292237 0.021917808219178027 0.0593607305936073
0 0.3091324200913242 0.3641552511415525 0.019178082191780844 0.09817351598173517
0 0.37716894977168947 0.2557077625570776 0.01826484018264843 0.054794520547945175
0 0.5031963470319635 0.7773972602739727 0.05662100456621005 0.16210045662100456
0 0.906392694063927 0.8447488584474886 0.09041095890410958 0.12785388127853878
0 0.8981735159817351 0.7146118721461187 0.028310502283105166 0.09589041095890423
0 0.9264840182648402 0.682648401826484 0.04474885844748869 0.09132420091324199
0 0.9630136986301369 0.6461187214611871 0.05936073059360737 0.10958904109589035
0 0.7849315068493152 0.7728310502283106 0.04292237442922371 0.10730593607305934
0 0.7602739726027398 0.8767123287671232 0.048401826484018216 0.1643835616438355
0 0.6904109589041095 0.8504566210045661 0.05296803652968038 0.12100456621004568
0 0.7488584474885847 0.7089041095890412 0.05296803652968052 0.07990867579908667
0 0.7543378995433792 0.5970319634703196 0.03105022831050235 0.07990867579908681
0 0.7205479452054795 0.6495433789954339 0.03835616438356169 0.06164383561643845
0 0.6634703196347032 0.5753424657534246 0.04292237442922385 0.05479452054794521
0 0.3922374429223744 0.9429223744292237 0.039269406392694106 0.11415525114155259
0 0.3721461187214612 0.8207762557077626 0.04474885844748862 0.14383561643835605
0 0.20228310502283103 0.7591324200913242 0.03378995433789953 0.10273972602739719
0 0.23881278538812786 0.867579908675799 0.05022831050228312 0.10045662100456625
0 0.5853881278538813 0.8926940639269406 0.058447488584474815 0.1461187214611873
0 0.5561643835616438 0.8242009132420091 0.05114155251141547 0.13242009132420093
0 0.6191780821917808 0.732876712328767 0.05114155251141568 0.0684931506849314
0 0.6748858447488584 0.7214611872146119 0.04566210045662103 0.05936073059360737
0 0.6515981735159818 0.6872146118721463 0.0557077625570777 0.05479452054794521
0 0.654337899543379 0.6358447488584474 0.050228310502283054 0.04337899543378981
0 0.4328767123287672 0.6940639269406392 0.027397260273972605 0.10045662100456625
0 0.5465753424657535 0.6986301369863014 0.048401826484018216 0.059360730593607226
0 0.5858447488584475 0.6518264840182648 0.041095890410958874 0.047945205479452115
0 0.4616438356164384 0.38470319634703193 0.013698630136986339 0.03424657534246577
0 0.4789954337899543 0.3904109589041096 0.010045662100456597 0.027397260273972605
0 0.4940639269406393 0.3961187214611872 0.009132420091324249 0.03424657534246577
0 0.5031963470319635 0.3538812785388128 0.01278538812785392 0.03652968036529686
0 0.5091324200913242 0.41666666666666674 0.010045662100456525 0.0342465753424657
0 0.5292237442922375 0.3755707762557077 0.013698630136986268 0.038812785388127866
0 0.5424657534246575 0.3710045662100457 0.010958904109589013 0.038812785388127866
0 0.5570776255707762 0.3801369863013699 0.010958904109589013 0.05251141552511413
0 0.5529680365296804 0.33333333333333326 0.010045662100456668 0.045662100456620995
0 0.5840182648401826 0.319634703196347 0.010045662100456668 0.03652968036529682
0 0.5748858447488585 0.2945205479452055 0.010045662100456668 0.03652968036529678
0 0.5707762557077626 0.2557077625570776 0.01278538812785392 0.02739726027397257
