0 0.07168949771689498 0.7351598173515981 0.050228310502283116 0.1461187214611873
0 0.05981735159817351 0.4771689497716895 0.05570776255707762 0.1780821917808219
0 0.11643835616438356 0.4977168949771689 0.03926940639269404 0.18721461187214608
0 0.18401826484018266 0.5707762557077626 0.03561643835616437 0.12785388127853886
0 0.20821917808219176 0.7579908675799086 0.03287671232876715 0.08675799086757977
0 0.2383561643835616 0.865296803652968 0.05296803652968034 0.0867579908675799
0 0.14246575342465753 0.9646118721461187 0.05114155251141554 0.07077625570776264
0 0.04429223744292237 0.9554794520547945 0.0502283105022831 0.08904109589041098
0 0.026940639269406392 0.0958904109589041 0.053881278538812784 0.1917808219178082
0 0.10958904109589042 0.1552511415525114 0.049315068493150684 0.19634703196347034
0 0.17077625570776256 0.1906392694063927 0.049315068493150704 0.14840182648401826
0 0.23378995433789954 0.3082191780821918 0.03287671232876715 0.09132420091324199
0 0.2187214611872146 0.4155251141552512 0.03013698630136986 0.09589041095890416
0 0.2351598173515982 0.21575342465753422 0.024657534246575318 0.07534246575342468
0 0.2598173515981735 0.2568493150684932 0.02648401826484019 0.08904109589041095
0 0.28538812785388123 0.20319634703196346 0.03196347031963473 0.08219178082191782
0 0.31141552511415527 0.363013698630137 0.025570776255707736 0.07762557077625573
0 0.2977168949771689 0.45662100456621 0.020091324200913228 0.06392694063926939
0 0.27579908675799086 0.5285388127853881 0.0219178082191781 0.09360730593607308
0 0.3269406392694064 0.45319634703196343 0.023744292237442934 0.08904109589041091
0 0.3812785388127854 0.2614155251141553 0.019178082191780844 0.07990867579908677
0 0.4141552511415525 0.8881278538812787 0.05388127853881287 0.14611872146118712
0 0.5095890410958904 0.7408675799086759 0.04200913242009129 0.12100456621004568
0 0.9155251141552512 0.845890410958904 0.08310502283105023 0.13013698630136986
0 0.8949771689497718 0.7157534246575343 0.027397260273972535 0.11187214611872136
0 0.9328767123287672 0.6883561643835617 0.03926940639269418 0.12100456621004568
0 0.9643835616438357 0.6415525114155252 0.06027397260273972 0.12328767123287662
0 0.7621004566210046 0.8721461187214612 0.04474885844748854 0.13242009132420093
0 0.7867579908675799 0.7739726027397259 0.03926940639269418 0.1324200913242008
0 0.749771689497717 0.704337899543379 0.040182648401826386 0.07990867579908681
0 0.7584474885844749 0.610730593607306 0.03378995433789953 0.09817351598173524
0 0.8310502283105023 0.6107305936073059 0.03470319634703202 0.093607305936073
0 0.7324200913242009 0.6449771689497718 0.03287671232876718 0.05707762557077622
0 0.5726027397260275 0.8892694063926941 0.04566210045662096 0.12557077625570784
0 0.6237442922374429 0.9200913242009132 0.03652968036529671 0.14611872146118712
0 0.6908675799086756 0.8584474885844748 0.061187214611872064 0.14155251141552497
0 0.6552511415525114 0.7773972602739727 0.03013698630136986 0.07077625570776248
0 0.619634703196347 0.7408675799086758 0.04474885844748847 0.09360730593607315
0 0.5694063926940639 0.7910958904109588 0.04292237442922371 0.09817351598173502
0 0.6936073059360731 0.7260273972602741 0.05205479452054803 0.07762557077625573
0 0.6735159817351598 0.6746575342465754 0.04657534246575324 0.047945205479452115
0 0.6420091324200914 0.6826484018264841 0.040182648401826455 0.06392694063926953
0 0.6712328767123288 0.5799086757990868 0.03835616438356169 0.059360730593607226
0 0.5506849315068493 0.6860730593607306 0.05114155251141547 0.05707762557077643
0 0.3666666666666667 0.8207762557077625 0.039269406392694106 0.10730593607305934
0 0.5858447488584475 0.3207762557077626 0.013698630136986339 0.04337899543378995
0 0.5776255707762558 0.2968036529680365 0.011872146118721574 0.031963470319634694
0 0.6068493150684932 0.6118721461187215 0.019178082191780844 0.0593607305936073
