0 0.0776255707762557 0.7659817351598173 0.062100456621004566 0.18493150684931506
0 0.06255707762557078 0.47260273972602734 0.05205479452054794 0.20547945205479456
0 0.11917808219178083 0.5228310502283106 0.05388127853881279 0.20547945205479456
0 0.1602739726027397 0.18150684931506852 0.057534246575342465 0.16210045662100458
0 0.0406392694063927 0.07191780821917809 0.0812785388127854 0.14383561643835618
0 0.21780821917808219 0.4200913242009132 0.041095890410958874 0.12328767123287669
0 0.1867579908675799 0.5764840182648402 0.03926940639269404 0.14840182648401828
0 0.20821917808219176 0.7614155251141552 0.025570776255707736 0.10730593607305934
0 0.14520547945205478 0.9623287671232876 0.06027397260273972 0.07534246575342465
0 0.04566210045662101 0.9611872146118722 0.04748858447488585 0.07762557077625573
0 0.44337899543378995 0.8698630136986302 0.07762557077625573 0.13698630136986295
0 0.3726027397260274 0.839041095890411 0.049315068493150704 0.12100456621004554
0 0.7009132420091325 0.8618721461187215 0.048401826484018355 0.16666666666666657
0 0.6315068493150685 0.9121004566210046 0.04474885844748869 0.17579908675799089
0 0.7598173515981737 0.8698630136986302 0.042009132420091216 0.15525114155251146
0 0.7840182648401828 0.7808219178082192 0.04474885844748869 0.1187214611872146
0 0.7598173515981737 0.682648401826484 0.05479452054794521 0.07305936073059371
0 0.7543378995433789 0.5901826484018265 0.03835616438356169 0.09360730593607308
0 0.8168949771689498 0.593607305936073 0.048401826484018216 0.0684931506849314
0 0.9009132420091325 0.8356164383561644 0.10136986301369873 0.14611872146118712
0 0.9799086757990867 0.882420091324201 0.040182648401826525 0.15296803652968025
0 0.9378995433789954 0.6986301369863014 0.040182648401826386 0.1187214611872146
0 0.9680365296803654 0.66324200913242 0.05662100456621005 0.11187214611872143
0 0.9009132420091325 0.7191780821917808 0.04292237442922371 0.12328767123287676
0 0.5123287671232876 0.7385844748858448 0.040182648401826455 0.1255707762557077
0 0.5589041095890411 0.773972602739726 0.04200913242009136 0.10045662100456611
0 0.5744292237442923 0.8641552511415526 0.06757990867579913 0.13470319634703187
0 0.6118721461187215 0.7351598173515981 0.03835616438356162 0.10045662100456611
0 0.6474885844748859 0.773972602739726 0.023744292237442934 0.06392694063926939
0 0.6954337899543378 0.7431506849315069 0.059360730593607226 0.10273972602739745
0 0.3155251141552512 0.33789954337899547 0.033789954337899566 0.0867579908675799
0 0.29406392694063926 0.4577625570776256 0.02739726027397257 0.08904109589041091
0 0.3255707762557078 0.43150684931506844 0.022831050228310515 0.05022831050228312
0 0.3273972602739726 0.5 0.02100456621004568 0.06392694063926946
0 0.273972602739726 0.5376712328767124 0.0237442922374429 0.06164383561643838
0 0.26210045662100456 0.24885844748858446 0.0237442922374429 0.09132420091324203
0 0.2876712328767123 0.2123287671232877 0.01826484018264839 0.08219178082191782
0 0.3835616438356165 0.2568493150684932 0.01643835616438359 0.05707762557077625
0 0.23424657534246576 0.15296803652968036 0.02283105022831048 0.06849315068493152
0 0.2410958904109589 0.23744292237442924 0.023744292237442934 0.07762557077625573
0 0.6447488584474885 0.6700913242009132 0.043835616438356054 0.0662100456621004
0 0.6721461187214612 0.567351598173516 0.03470319634703202 0.0662100456621004
0 0.40867579908675794 0.7454337899543378 0.06118721461187213 0.057077625570776294
0 0.4246575342465754 0.6792237442922374 0.031050228310502206 0.08447488584474876
0 0.2954337899543379 0.6883561643835617 0.03926940639269407 0.04794520547945197
0 0.24109589041095889 0.860730593607306 0.05296803652968034 0.09132420091324195
0 0.2383561643835616 0.6324200913242009 0.04200913242009133 0.1232876712328766
0 0.6063926940639269 0.6061643835616438 0.03105022831050235 0.047945205479452045
0 0.378082191780822 0.49885844748858443 0.0219178082191781 0.047945205479452184
0 0.45251141552511415 0.3481735159817352 0.008219178082191761 0.0342465753424657
0 0.4625570776255708 0.3116438356164383 0.015525114155251103 0.04337899543378988
0 0.4771689497716895 0.2888127853881279 0.011872146118721432 0.057077625570776294
0 0.606849315068493 0.5445205479452055 0.02648401826484026 0.05707762557077622
0 0.5488584474885845 0.6929223744292236 0.04566210045662103 0.04337899543378981
0 0.573972602739726 0.6415525114155252 0.03926940639269404 0.0593607305936073
0 0.5863013698630136 0.3687214611872146 0.01643835616438359 0.04794520547945197
0 0.5890410958904109 0.3321917808219178 0.014611872146118685 0.047945205479452004
0 0.6196347031963471 0.25342465753424653 0.017351598173515937 0.04109589041095891
0 0.47077625570776255 0.6392694063926941 0.04292237442922371 0.050228310502283054
0 0.41141552511415524 0.5479452054794521 0.015525114155251174 0.04109589041095894
0 0.5611872146118722 0.2557077625570776 0.011872146118721432 0.03652968036529682
0 0.510958904109589 0.6244292237442923 0.024657534246575283 0.05707762557077622
