0 0.07990867579908675 0.7431506849315067 0.03744292237442923 0.13926940639269403
0 0.06073059360730593 0.46917808219178087 0.06118721461187213 0.2031963470319635
0 0.12100456621004564 0.5057077625570776 0.031963470319634715 0.15296803652968038
0 0.16073059360730596 0.21689497716894976 0.06940639269406393 0.1780821917808219
0 0.18082191780821918 0.5707762557077626 0.03652968036529678 0.1461187214611873
0 0.13515981735159818 0.9623287671232876 0.06210045662100457 0.07534246575342465
0 0.04200913242009133 0.9577625570776256 0.049315068493150684 0.08447488584474883
0 0.24931506849315072 0.8573059360730594 0.05296803652968038 0.16210045662100456
0 0.610958904109589 0.7294520547945206 0.027397260273972605 0.093607305936073
0 0.6831050228310502 0.8264840182648402 0.04566210045662103 0.12785388127853878
0 0.7652968036529679 0.8618721461187215 0.0438356164383562 0.1118721461187215
0 0.7913242009132421 0.7659817351598173 0.03926940639269404 0.12100456621004568
0 0.9086757990867579 0.8413242009132421 0.08036529680365291 0.13926940639269403
0 0.9849315068493151 0.8744292237442921 0.03013698630136986 0.16894977168949765
0 0.9 0.7226027397260273 0.048401826484018216 0.13013698630137
0 0.8246575342465754 0.6004566210045662 0.043835616438356054 0.07305936073059364
0 0.7575342465753425 0.5924657534246576 0.03561643835616437 0.08447488584474883
0 0.7639269406392694 0.6986301369863014 0.06118721461187221 0.07305936073059356
0 0.7383561643835617 0.654109589041096 0.0374429223744292 0.06164383561643831
0 0.6689497716894977 0.5787671232876712 0.026484018264840047 0.04337899543378995
0 0.5876712328767124 0.8755707762557077 0.0593607305936073 0.09817351598173517
0 0.2694063926940639 0.2979452054794521 0.03287671232876708 0.0844748858447489
0 0.23881278538812786 0.24657534246575344 0.024657534246575318 0.06849315068493152
0 0.2219178082191781 0.42694063926940634 0.03652968036529682 0.12328767123287676
0 0.3168949771689498 0.3367579908675799 0.02557077625570777 0.093607305936073
0 0.29634703196347034 0.4611872146118721 0.02831050228310499 0.09589041095890409
0 0.2776255707762557 0.5342465753424658 0.027397260273972605 0.10045662100456618
0 0.25114155251141557 0.5799086757990868 0.0237442922374429 0.07305936073059364
0 0.208675799086758 0.7625570776255708 0.028310502283105023 0.09132420091324206
0 0.3214611872146119 0.4337899543378995 0.016438356164383557 0.0593607305936073
0 0.3305936073059361 0.5068493150684931 0.023744292237442934 0.08219178082191782
0 0.28858447488584477 0.21575342465753422 0.01826484018264839 0.052511415525114166
0 0.39452054794520547 0.2659817351598173 0.016438356164383522 0.057077625570776294
0 0.47534246575342465 0.7899543378995435 0.0374429223744292 0.11415525114155244
0 0.39726027397260266 0.839041095890411 0.06757990867579913 0.09817351598173518
0 0.5173515981735161 0.7340182648401827 0.0374429223744292 0.10730593607305934
0 0.5611872146118722 0.8173515981735159 0.03561643835616437 0.1232876712328766
0 0.943835616438356 0.6883561643835617 0.04292237442922371 0.12557077625570778
0 0.5497716894977169 0.6906392694063928 0.049315068493150704 0.057077625570776294
0 0.3611872146118722 0.5547945205479452 0.017351598173515937 0.07762557077625566
0 0.4767123287671234 0.7123287671232876 0.04383561643835612 0.07762557077625572
0 0.6100456621004566 0.6084474885844748 0.031050228310502276 0.047945205479452115
0 0.6118721461187214 0.5547945205479452 0.023744292237442864 0.04566210045662096
0 0.39954337899543374 0.45205479452054786 0.021004566210045608 0.0593607305936073
0 0.4780821917808219 0.2865296803652968 0.015525114155251174 0.05707762557077625
0 0.5894977168949772 0.2602739726027397 0.015525114155251174 0.027397260273972605
0 0.5694063926940639 0.2614155251141553 0.017351598173515937 0.052511415525114166
