0 0.6342465753424658 0.9257990867579909 0.06484018264840166 0.14840182648401823
0 0.5853881278538813 0.8573059360730594 0.06210045662100463 0.12100456621004568
0 0.5575342465753425 0.8047945205479452 0.06849315068493154 0.09360730593607315
0 0.3926940639269407 0.8264840182648402 0.07853881278538814 0.10502283105022826
0 0.44703196347031965 0.7671232876712328 0.05570776255707756 0.09132420091324206
0 0.4739726027397261 0.7146118721461187 0.05662100456620998 0.09132420091324192
0 0.2415525114155251 0.83675799086758 0.048401826484018286 0.1118721461187215
0 0.17853881278538813 0.7146118721461189 0.037442922374429234 0.10958904109589042
0 0.18036529680365299 0.547945205479452 0.046575342465753414 0.1415525114155251
0 0.1141552511415525 0.5011415525114156 0.05662100456621005 0.2077625570776256
0 0.06301369863013699 0.4771689497716895 0.04748858447488584 0.19178082191780818
0 0.0821917808219178 0.7568493150684933 0.045662100456620995 0.13470319634703187
0 0.145662100456621 0.9623287671232876 0.063013698630137 0.07534246575342465
0 0.049771689497716896 0.9520547945205479 0.04840182648401827 0.09589041095890423
0 0.15890410958904108 0.17579908675799086 0.07305936073059362 0.1415525114155251
0 0.21780821917808219 0.4018264840182648 0.03378995433789953 0.12785388127853878
0 0.23607305936073059 0.2454337899543379 0.024657534246575352 0.09360730593607304
0 0.27716894977168954 0.1872146118721461 0.022831050228310515 0.0639269406392694
0 0.2771689497716895 0.3219178082191781 0.021004566210045646 0.08219178082191778
0 0.3273972602739726 0.24429223744292236 0.02831050228310499 0.07305936073059364
0 0.31506849315068497 0.3356164383561644 0.02557077625570777 0.09589041095890409
0 0.32420091324200917 0.4178082191780822 0.02191780821917806 0.05479452054794521
0 0.35662100456621004 0.4771689497716895 0.02100456621004568 0.06849315068493154
0 0.31963470319634707 0.48287671232876717 0.029223744292237442 0.0844748858447489
0 0.2968036529680365 0.46004566210045666 0.02557077625570777 0.09360730593607308
0 0.27899543378995434 0.5296803652968036 0.022831050228310515 0.09132420091324199
0 0.2447488584474886 0.5228310502283106 0.029223744292237442 0.09132420091324206
0 0.9095890410958904 0.8390410958904109 0.09315068493150688 0.14383561643835593
0 0.8310502283105023 0.8561643835616439 0.05479452054794521 0.1735159817351598
0 0.9831050228310503 0.882420091324201 0.03378995433789953 0.14383561643835618
0 0.8995433789954339 0.7111872146118722 0.0438356164383562 0.11187214611872136
0 0.94337899543379 0.6872146118721462 0.05662100456621005 0.12328767123287669
0 0.7506849315068493 0.8242009132420091 0.0438356164383562 0.12785388127853892
0 0.7922374429223744 0.7888127853881278 0.05022831050228319 0.14383561643835618
0 0.7662100456621005 0.7054794520547947 0.0694063926940639 0.09132420091324195
0 0.7625570776255708 0.6050228310502282 0.04566210045662089 0.1050228310502282
0 0.7351598173515981 0.6495433789954339 0.0438356164383562 0.07077625570776248
0 0.823744292237443 0.5993150684931507 0.0694063926940639 0.07990867579908667
0 0.6945205479452055 0.8127853881278538 0.048401826484018216 0.12785388127853878
0 0.7013698630136986 0.7363013698630136 0.06392694063926953 0.08447488584474883
0 0.6041095890410959 0.732876712328767 0.03013698630136986 0.10045662100456625
0 0.6452054794520548 0.7602739726027398 0.041095890410958874 0.10045662100456611
0 0.6607305936073058 0.5787671232876712 0.03561643835616437 0.0662100456621004
0 0.6625570776255708 0.6860730593607306 0.07214611872146115 0.07534246575342479
0 0.7004566210045663 0.5821917808219178 0.027397260273972678 0.06849315068493154
0 0.6863013698630137 0.6221461187214612 0.03378995433789953 0.05251141552511406
0 0.6059360730593607 0.6084474885844748 0.03561643835616437 0.06621004566210047
0 0.6525114155251139 0.6381278538812786 0.0630136986301369 0.06621004566210047
0 0.5547945205479452 0.7146118721461187 0.057534246575342535 0.11415525114155259
0 0.24748858447488584 0.6700913242009132 0.04748858447488587 0.08447488584474883
0 0.2954337899543379 0.70662100456621 0.028310502283105058 0.093607305936073
0 0.42694063926940645 0.682648401826484 0.028310502283105096 0.09589041095890394
0 0.39954337899543385 0.478310502283105 0.01735159817351601 0.047945205479452184
0 0.5821917808219177 0.35045662100456626 0.02100456621004575 0.047945205479452045
