0 0.05707762557077625 0.4646118721461187 0.05570776255707763 0.20776255707762567
0 0.11689497716894977 0.5034246575342466 0.034703196347031964 0.1666666666666668
0 0.15342465753424658 0.17009132420091322 0.06575342465753424 0.14840182648401826
0 0.17762557077625574 0.565068493150685 0.033789954337899566 0.1392694063926941
0 0.20502283105022834 0.5844748858447488 0.033789954337899566 0.09589041095890416
0 0.0812785388127854 0.7374429223744292 0.045662100456621016 0.13242009132420093
0 0.04611872146118721 0.8767123287671234 0.044748858447488576 0.08675799086757977
0 0.0502283105022831 0.9634703196347033 0.04748858447488585 0.07305936073059356
0 0.14018264840182648 0.9600456621004565 0.0447488584474886 0.07990867579908681
0 0.8703196347031964 0.8413242009132421 0.13515981735159813 0.1575342465753424
0 0.9808219178082191 0.8881278538812785 0.03835616438356155 0.1689497716894978
0 0.7835616438356164 0.7340182648401827 0.04200913242009136 0.10730593607305934
0 0.7621004566210046 0.6906392694063928 0.052054794520547884 0.07077625570776248
0 0.7621004566210046 0.5924657534246576 0.03013698630136986 0.08904109589041098
0 0.7337899543378995 0.6335616438356165 0.024657534246575352 0.05707762557077622
0 0.8127853881278538 0.5993150684931507 0.032876712328767044 0.0525114155251142
0 0.8949771689497718 0.7089041095890412 0.03835616438356155 0.09817351598173502
0 0.9392694063926941 0.6872146118721462 0.048401826484018216 0.10045662100456618
0 0.4278538812785388 0.8299086757990867 0.07762557077625566 0.10730593607305948
0 0.5123287671232876 0.8276255707762558 0.07123287671232881 0.07990867579908667
0 0.5894977168949772 0.8424657534246578 0.0684931506849314 0.08675799086758004
0 0.6406392694063928 0.9075342465753424 0.046575342465753525 0.15296803652968038
0 0.7146118721461187 0.8710045662100456 0.07031963470319638 0.13013698630136986
0 0.7607305936073058 0.8299086757990867 0.040182648401826525 0.12557077625570784
0 0.219634703196347 0.4246575342465754 0.037442922374429234 0.09132420091324199
0 0.23926940639269406 0.24315068493150682 0.0219178082191781 0.06621004566210051
0 0.27488584474885847 0.3127853881278539 0.02557077625570777 0.08219178082191782
0 0.30273972602739724 0.2374429223744292 0.033789954337899566 0.06392694063926939
0 0.31689497716894977 0.3264840182648402 0.023744292237442864 0.06392694063926943
0 0.34246575342465746 0.30821917808219174 0.01826484018264843 0.05022831050228309
0 0.3228310502283105 0.41210045662100453 0.01917808219178081 0.057077625570776294
0 0.35570776255707753 0.4646118721461187 0.019178082191780774 0.0662100456621004
0 0.31278538812785395 0.45890410958904115 0.019178082191780882 0.04566210045662096
0 0.29634703196347034 0.45890410958904115 0.01917808219178081 0.07305936073059364
0 0.2771689497716895 0.541095890410959 0.02283105022831048 0.08219178082191789
0 0.2465753424657534 0.5342465753424658 0.01826484018264843 0.07305936073059364
0 0.3050228310502283 0.5821917808219178 0.029223744292237442 0.059360730593607226
0 0.5392694063926942 0.7477168949771689 0.07031963470319638 0.07990867579908681
0 0.6105022831050229 0.7248858447488584 0.037442922374429276 0.093607305936073
0 0.4598173515981735 0.70662100456621 0.042922374429223635 0.05707762557077615
0 0.49726027397260275 0.7134703196347033 0.031963470319634694 0.09817351598173517
0 0.6520547945205479 0.5821917808219178 0.031050228310502276 0.05022831050228319
0 0.7132420091324201 0.7591324200913242 0.040182648401826386 0.1118721461187215
0 0.654337899543379 0.7442922374429224 0.03378995433789953 0.09132420091324192
0 0.24931506849315072 0.8333333333333335 0.0730593607305936 0.1187214611872146
0 0.39771689497716894 0.723744292237443 0.06301369863013698 0.08219178082191789
0 0.6168949771689498 0.5468036529680365 0.019178082191780844 0.038812785388127796
0 0.3936073059360731 0.2842465753424658 0.01278538812785392 0.052511415525114166
