0 0.1598173515981735 0.18493150684931506 0.05662100456621005 0.1232876712328767
0 0.06255707762557076 0.4703196347031964 0.057534246575342445 0.19634703196347034
0 0.08036529680365298 0.7579908675799086 0.04748858447488585 0.15981735159817348
0 0.11963470319634703 0.5159817351598174 0.045662100456620995 0.2009132420091325
0 0.16301369863013698 0.4406392694063927 0.031963470319634694 0.1461187214611873
0 0.19817351598173516 0.5331050228310502 0.029223744292237442 0.08904109589041098
0 0.2077625570776256 0.654109589041096 0.03378995433789953 0.10730593607305941
0 0.044748858447488576 0.8881278538812785 0.04383561643835617 0.0867579908675799
0 0.050684931506849315 0.9680365296803654 0.04840182648401825 0.06392694063926939
0 0.13881278538812786 0.9646118721461187 0.05479452054794521 0.07077625570776264
0 0.26027397260273977 0.812785388127854 0.08036529680365315 0.10045662100456595
0 0.23744292237442924 0.2328767123287671 0.023744292237442934 0.0730593607305936
0 0.2273972602739726 0.45433789954337894 0.020091324200913228 0.08219178082191782
0 0.2497716894977169 0.408675799086758 0.015525114155251138 0.07305936073059356
0 0.19954337899543378 0.4155251141552511 0.024657534246575352 0.10045662100456625
0 0.2730593607305936 0.319634703196347 0.03287671232876711 0.07762557077625569
0 0.3068493150684931 0.2226027397260274 0.02557077625570777 0.07534246575342465
0 0.273972602739726 0.54337899543379 0.01826484018264839 0.08675799086757997
0 0.42876712328767125 0.839041095890411 0.05388127853881279 0.12557077625570784
0 0.4990867579908676 0.8242009132420091 0.07031963470319638 0.10502283105022826
0 0.5872146118721461 0.8264840182648402 0.049315068493150704 0.14155251141552527
0 0.636986301369863 0.8584474885844748 0.06484018264840173 0.15525114155251146
0 0.7392694063926942 0.910958904109589 0.09954337899543375 0.1506849315068493
0 0.7552511415525113 0.83675799086758 0.049315068493150704 0.1118721461187215
0 0.8840182648401828 0.8561643835616439 0.08584474885844756 0.1187214611872146
0 0.8662100456621005 0.812785388127854 0.09771689497716891 0.1187214611872146
0 0.9438356164383562 0.6860730593607306 0.06484018264840188 0.1164383561643836
0 0.7621004566210046 0.6803652968036529 0.07031963470319624 0.06392694063926939
0 0.787214611872146 0.7351598173515981 0.04566210045662089 0.1415525114155251
0 0.7538812785388127 0.6015981735159818 0.04474885844748854 0.07077625570776248
0 0.6561643835616437 0.5684931506849316 0.028310502283105166 0.04566210045662096
0 0.5721461187214611 0.7420091324200914 0.04292237442922371 0.10502283105022826
0 0.5036529680365297 0.6997716894977168 0.041095890410958874 0.06621004566210033
0 0.46301369863013697 0.7146118721461187 0.03652968036529686 0.05479452054794521
0 0.7105022831050227 0.7591324200913242 0.03835616438356169 0.08447488584474883
0 0.7164383561643837 0.6312785388127854 0.033789954337899386 0.034246575342465634
0 0.3566210045662102 0.46917808219178087 0.021004566210045608 0.07534246575342472
0 0.336986301369863 0.43150684931506844 0.018264840182648356 0.09132420091324199
0 0.3479452054794521 0.35159817351598177 0.0219178082191781 0.0593607305936073
0 0.6789954337899542 0.723744292237443 0.07397260273972606 0.07762557077625573
