0 0.06164383561643835 0.4771689497716895 0.04840182648401827 0.18264840182648406
0 0.11780821917808218 0.5091324200913242 0.034703196347031964 0.15981735159817353
0 0.07899543378995434 0.7420091324200914 0.046575342465753435 0.12785388127853878
0 0.15159817351598173 0.6803652968036531 0.03835616438356165 0.1415525114155251
0 0.1602739726027397 0.14726027397260275 0.0666666666666667 0.10273972602739727
0 0.1735159817351598 0.3184931506849315 0.0365296803652968 0.08904109589041095
0 0.22146118721461186 0.4383561643835616 0.028310502283105058 0.10045662100456625
0 0.1954337899543379 0.5205479452054794 0.034703196347031985 0.11872146118721467
0 0.2054794520547945 0.6643835616438356 0.03287671232876715 0.10502283105022833
0 0.2410958904109589 0.23401826484018265 0.023744292237442934 0.07534246575342468
0 0.2808219178082192 0.3093607305936073 0.03013698630136986 0.06621004566210044
0 0.25205479452054796 0.39497716894977175 0.02191780821917806 0.09132420091324199
0 0.3150684931506849 0.23630136986301367 0.03287671232876715 0.06621004566210044
0 0.2757990867579909 0.5422374429223744 0.025570776255707806 0.07990867579908681
0 0.29497716894977166 0.4748858447488585 0.023744292237442968 0.0867579908675799
0 0.3118721461187215 0.44406392694063923 0.015525114155251103 0.06621004566210047
0 0.3228310502283105 0.3972602739726028 0.01917808219178081 0.041095890410958874
0 0.3506849315068493 0.3527397260273972 0.023744292237442934 0.04337899543378995
0 0.3374429223744292 0.48401826484018257 0.015525114155251103 0.07305936073059364
0 0.3584474885844749 0.46917808219178087 0.019178082191780844 0.05707762557077622
0 0.04748858447488585 0.8881278538812785 0.04200913242009133 0.08219178082191775
0 0.06529680365296803 0.9680365296803654 0.05570776255707763 0.06392694063926939
0 0.15205479452054796 0.9646118721461187 0.05753424657534248 0.07077625570776264
0 0.2059360730593607 0.9691780821917808 0.03561643835616437 0.06164383561643831
0 0.2547945205479452 0.8013698630136987 0.08219178082191782 0.10502283105022814
0 0.6342465753424656 0.8744292237442923 0.057534246575342535 0.1369863013698631
0 0.7611872146118721 0.8299086757990867 0.06118721461187221 0.13013698630136972
0 0.8771689497716895 0.8687214611872146 0.09406392694063925 0.09817351598173531
0 0.871689497716895 0.8196347031963469 0.09041095890410958 0.1187214611872146
0 0.9488584474885843 0.839041095890411 0.0694063926940639 0.12100456621004568
0 0.9269406392694064 0.6815068493150684 0.07123287671232874 0.1301369863013698
0 0.8027397260273973 0.7271689497716894 0.04200913242009136 0.08447488584474883
0 0.7538812785388128 0.6906392694063926 0.03561643835616451 0.08904109589041091
0 0.7575342465753425 0.6050228310502282 0.031963470319634694 0.06849315068493148
0 0.4452054794520548 0.8641552511415526 0.052054794520547884 0.13013698630136986
0 0.5068493150684932 0.8276255707762559 0.05114155251141554 0.15296803652968038
0 0.5990867579908676 0.795662100456621 0.04200913242009136 0.10273972602739719
0 0.6063926940639269 0.7351598173515981 0.03835616438356169 0.10045662100456611
0 0.4105022831050228 0.7557077625570777 0.03561643835616444 0.08219178082191775
0 0.4625570776255708 0.70662100456621 0.04109589041095894 0.08447488584474883
0 0.5013698630136986 0.7020547945205479 0.031050228310502206 0.08904109589041098
0 0.5735159817351598 0.7271689497716894 0.034703196347031874 0.10730593607305934
0 0.656164383561644 0.5787671232876712 0.031963470319634694 0.04337899543378995
