0 0.06621004566210045 0.48059360730593603 0.039269406392694065 0.18493150684931506
0 0.12511415525114156 0.5034246575342466 0.05479452054794521 0.2077625570776256
0 0.07671232876712329 0.7488584474885843 0.04200913242009133 0.18264840182648398
0 0.16164383561643839 0.18493150684931506 0.06392694063926943 0.1232876712328767
0 0.17716894977168948 0.30593607305936077 0.04200913242009133 0.1050228310502283
0 0.1954337899543379 0.3641552511415525 0.027397260273972605 0.11643835616438356
0 0.21506849315068494 0.4143835616438356 0.02648401826484019 0.13926940639269403
0 0.24931506849315072 0.4143835616438356 0.023744292237442968 0.09360730593607308
0 0.2383561643835616 0.2625570776255708 0.029223744292237477 0.1141552511415525
0 0.2726027397260274 0.3150684931506849 0.035616438356164404 0.07305936073059364
0 0.31232876712328766 0.2363013698630137 0.03105022831050235 0.09817351598173517
0 0.19589041095890408 0.6198630136986301 0.042922374429223746 0.093607305936073
0 0.2735159817351598 0.5319634703196348 0.028310502283105058 0.09132420091324206
0 0.29497716894977166 0.46347031963470314 0.018264840182648463 0.08675799086757997
0 0.31141552511415527 0.4611872146118721 0.016438356164383557 0.05479452054794521
0 0.3178082191780822 0.406392694063927 0.01826484018264843 0.06849315068493148
0 0.33835616438356164 0.4817351598173516 0.019178082191780844 0.06849315068493154
0 0.3534246575342466 0.4657534246575342 0.020091324200913262 0.06392694063926939
0 0.3461187214611873 0.36529680365296796 0.0219178082191781 0.06392694063926946
0 0.3735159817351598 0.4349315068493151 0.018264840182648356 0.04337899543378995
0 0.37716894977168947 0.2557077625570776 0.014611872146118756 0.06849315068493154
0 0.36347031963470317 0.8721461187214612 0.06027397260273979 0.12785388127853878
0 0.44109589041095887 0.8538812785388129 0.049315068493150635 0.11415525114155244
0 0.502283105022831 0.8344748858447488 0.05479452054794521 0.11643835616438367
0 0.6547945205479452 0.8504566210045662 0.06392694063926939 0.10273972602739719
0 0.7657534246575343 0.8310502283105023 0.052054794520547884 0.10502283105022826
0 0.8671232876712329 0.860730593607306 0.0812785388127854 0.10502283105022826
0 0.8506849315068493 0.8139269406392694 0.0757990867579909 0.11643835616438367
0 0.9200913242009133 0.7796803652968037 0.08310502283105038 0.10730593607305948
0 0.9278538812785387 0.6678082191780823 0.08584474885844756 0.11187214611872158
0 0.8 0.7191780821917808 0.03652968036529686 0.1187214611872146
0 0.756164383561644 0.684931506849315 0.03652968036529686 0.10045662100456618
0 0.7045662100456621 0.7842465753424658 0.04474885844748869 0.10273972602739719
0 0.6986301369863014 0.732876712328767 0.05662100456621005 0.06392694063926953
0 0.6136986301369862 0.795662100456621 0.05114155251141554 0.11643835616438367
0 0.6036529680365297 0.726027397260274 0.05844748858447474 0.06849315068493154
0 0.40319634703196355 0.7557077625570777 0.04292237442922378 0.09132420091324195
0 0.5447488584474887 0.6860730593607306 0.031963470319634694 0.06621004566210047
0 0.5123287671232877 0.6860730593607306 0.03652968036529686 0.07534246575342479
0 0.4771689497716895 0.6940639269406392 0.03013698630136986 0.08219178082191775
0 0.43926940639269385 0.6872146118721453 0.03470319634703147 0.1004566210045649
0 0.6547945205479452 0.567351598173516 0.027397260273972678 0.057077625570776364
0 0.6178082191780823 0.5388127853881278 0.022831050228310588 0.050228310502283054
0 0.7963470319634703 0.5947488584474886 0.049315068493150704 0.07534246575342472
0 0.217351598173516 0.8287671232876712 0.049315068493150704 0.08675799086758004
0 0.27077625570776254 0.7808219178082192 0.05570776255707763 0.09132420091324206
0 0.13789954337899543 0.973744292237443 0.045662100456620995 0.05251141552511413
0 0.049771689497716896 0.9577625570776256 0.050228310502283095 0.08447488584474883
