0 0.5077625570776255 0.8242009132420091 0.06210045662100455 0.11415525114155259
0 0.44246575342465744 0.8607305936073059 0.05022831050228312 0.1187214611872146
0 0.6525114155251142 0.8253424657534247 0.041095890410958805 0.12557077625570784
0 0.35707762557077627 0.8949771689497718 0.05114155251141547 0.16438356164383564
0 0.0684931506849315 0.4828767123287671 0.045662100456620995 0.16666666666666657
0 0.12328767123287672 0.502283105022831 0.03835616438356164 0.16438356164383564
0 0.0812785388127854 0.7317351598173516 0.042009132420091334 0.134703196347032
0 0.04200913242009133 0.865296803652968 0.04748858447488584 0.1506849315068493
0 0.14474885844748858 0.9600456621004565 0.0593607305936073 0.07990867579908681
0 0.2 0.8515981735159818 0.06757990867579908 0.10045662100456625
0 0.1899543378995434 0.6221461187214612 0.045662100456620995 0.093607305936073
0 0.2511415525114155 0.569634703196347 0.027397260273972605 0.09817351598173517
0 0.27442922374429224 0.523972602739726 0.028310502283105058 0.10273972602739725
0 0.2219178082191781 0.3858447488584475 0.027397260273972605 0.12785388127853878
0 0.24885844748858446 0.40981735159817345 0.02283105022831048 0.10273972602739725
0 0.2730593607305936 0.319634703196347 0.027397260273972605 0.09132420091324196
0 0.24018264840182646 0.24429223744292236 0.02739726027397257 0.0867579908675799
0 0.3091324200913242 0.23515981735159816 0.024657534246575352 0.0867579908675799
0 0.19452054794520546 0.1643835616438356 0.03287671232876711 0.09589041095890409
0 0.1593607305936073 0.17579908675799086 0.0502283105022831 0.1141552511415525
0 0.17488584474885843 0.3162100456621005 0.03926940639269409 0.1118721461187215
0 0.7598173515981737 0.8287671232876712 0.05479452054794521 0.1369863013698631
0 0.7529680365296804 0.6792237442922375 0.041095890410958874 0.08904109589041098
0 0.8095890410958905 0.6963470319634704 0.0374429223744292 0.0867579908675799
0 0.8821917808219177 0.8687214611872146 0.09497716894977173 0.09817351598173531
0 0.8726027397260273 0.8002283105022832 0.08675799086758004 0.10273972602739732
0 0.9228310502283105 0.678082191780822 0.08858447488584488 0.09589041095890409
0 0.9707762557077626 0.771689497716895 0.058447488584474884 0.0867579908675799
0 0.9095890410958904 0.7796803652968036 0.09680365296803643 0.134703196347032
0 0.6968036529680365 0.7694063926940639 0.05114155251141554 0.10502283105022826
0 0.6547945205479451 0.5764840182648402 0.02557077625570784 0.05251141552511406
0 0.6228310502283105 0.5479452054794521 0.023744292237442934 0.04566210045662096
0 0.6118721461187215 0.7134703196347033 0.03470319634703202 0.06164383561643845
0 0.6073059360730594 0.795662100456621 0.04566210045662103 0.12100456621004568
0 0.7146118721461189 0.6506849315068493 0.03013698630136986 0.04566210045662103
0 0.4013698630136986 0.7876712328767123 0.06301369863013698 0.06392694063926939
0 0.336986301369863 0.4771689497716895 0.014611872146118685 0.06392694063926939
0 0.35205479452054794 0.45890410958904115 0.013698630136986339 0.06849315068493148
0 0.3721461187214612 0.3926940639269407 0.015525114155251103 0.07305936073059364
0 0.34794520547945207 0.35502283105022825 0.014611872146118685 0.07077625570776255
0 0.3730593607305936 0.252283105022831 0.021004566210045608 0.07077625570776255
0 0.32191780821917804 0.4075342465753425 0.02283105022831048 0.06164383561643831
0 0.31232876712328766 0.45890410958904115 0.02191780821917806 0.05479452054794521
0 0.5735159817351598 0.7146118721461187 0.027397260273972605 0.10045662100456625
0 0.547945205479452 0.7111872146118721 0.02922374429223737 0.08904109589041098
0 0.510958904109589 0.6986301369863013 0.0374429223744292 0.07305936073059356
0 0.4780821917808219 0.6997716894977168 0.03013698630136986 0.07534246575342465
