0 0.060730593607305934 0.46917808219178087 0.046575342465753435 0.19863013698630141
0 0.1191780821917808 0.5079908675799086 0.03744292237442922 0.18493150684931506
0 0.17534246575342466 0.319634703196347 0.031050228310502314 0.10958904109589042
0 0.1593607305936073 0.18607305936073057 0.05205479452054794 0.10273972602739725
0 0.18036529680365299 0.12100456621004567 0.030136986301369895 0.09589041095890412
0 0.07579908675799087 0.7659817351598173 0.034703196347031964 0.16210045662100456
0 0.039269406392694065 0.8789954337899544 0.0365296803652968 0.12785388127853878
0 0.2538812785388128 0.3778538812785388 0.029223744292237442 0.07077625570776255
0 0.2694063926940639 0.317351598173516 0.02739726027397257 0.08219178082191778
0 0.3050228310502283 0.23059360730593603 0.0237442922374429 0.09589041095890412
0 0.3584474885844749 0.23401826484018265 0.022831050228310515 0.06621004566210047
0 0.3465753424657534 0.3527397260273972 0.013698630136986268 0.05251141552511413
0 0.3703196347031964 0.3253424657534246 0.021004566210045608 0.057077625570776294
0 0.24200913242009128 0.2374429223744292 0.01826484018264839 0.08675799086757995
0 0.22237442922374429 0.22716894977168947 0.017351598173515975 0.11187214611872143
0 0.19178082191780824 0.6027397260273972 0.03287671232876715 0.07762557077625573
0 0.24200913242009137 0.5547945205479452 0.025570776255707806 0.09589041095890409
0 0.2762557077625571 0.5228310502283106 0.019178082191780774 0.09589041095890416
0 0.5 0.8310502283105023 0.0648401826484018 0.10502283105022826
0 0.4465753424657535 0.8698630136986302 0.0438356164383562 0.12328767123287662
0 0.7538812785388128 0.682648401826484 0.03926940639269404 0.06392694063926939
0 0.810958904109589 0.6974885844748857 0.04748858447488587 0.093607305936073
0 0.40273972602739727 0.7842465753424658 0.06210045662100455 0.08447488584474883
0 0.36849315068493155 0.8812785388127854 0.06301369863013698 0.17808219178082196
0 0.7136986301369862 0.6529680365296804 0.04292237442922371 0.0547945205479452
0 0.656164383561644 0.5844748858447489 0.031963470319634694 0.050228310502283054
0 0.6246575342465753 0.5479452054794521 0.034703196347031805 0.04566210045662096
0 0.7123287671232876 0.7134703196347033 0.05662100456620991 0.07077625570776248
0 0.8744292237442921 0.8789954337899545 0.0867579908675799 0.12328767123287676
0 0.8648401826484019 0.8093607305936074 0.08949771689497724 0.10730593607305934
0 0.9191780821917809 0.7990867579908675 0.09954337899543375 0.1324200913242008
0 0.7013698630136986 0.8230593607305936 0.08584474885844756 0.09360730593607315
0 0.7890410958904109 0.8447488584474886 0.04566210045662103 0.17808219178082182
0 0.7593607305936072 0.6015981735159818 0.050228310502283054 0.07077625570776248
0 0.6990867579908675 0.5810502283105022 0.02648401826484019 0.08904109589041098
0 0.3840182648401826 0.46118721461187223 0.011872146118721432 0.07305936073059364
0 0.6132420091324201 0.7876712328767124 0.06301369863013698 0.08675799086758004
0 0.6118721461187215 0.7031963470319634 0.04566210045662103 0.06392694063926939
0 0.26666666666666666 0.7990867579908677 0.07488584474885844 0.09589041095890423
0 0.057077625570776246 0.9657534246575342 0.0684931506849315 0.06849315068493154
0 0.20410958904109586 0.7305936073059361 0.05936073059360733 0.09132420091324195
0 0.5757990867579909 0.7054794520547943 0.039269406392694106 0.11415525114155244
0 0.3529680365296804 0.45776255707762525 0.017351598173515982 0.07990867579908677
0 0.3908675799086758 0.295662100456621 0.014611872146118756 0.0662100456621004
0 0.3200913242009132 0.4063926940639269 0.017351598173515937 0.06392694063926939
0 0.5789954337899543 0.3538812785388128 0.016438356164383522 0.03652968036529686
