0 0.12831050228310503 0.5182648401826484 0.057534246575342465 0.21004566210045666
0 0.0634703196347032 0.4771689497716895 0.057534246575342465 0.1780821917808219
0 0.17808219178082194 0.3527397260273972 0.049315068493150704 0.13926940639269408
0 0.15844748858447488 0.17922374429223745 0.0502283105022831 0.13013698630136986
0 0.18310502283105023 0.10273972602739725 0.031963470319634694 0.1415525114155251
0 0.2264840182648402 0.15182648401826485 0.027397260273972605 0.10730593607305935
0 0.2415525114155251 0.24771689497716892 0.024657534246575318 0.09817351598173513
0 0.2721461187214612 0.2922374429223744 0.03287671232876715 0.09589041095890409
0 0.2598173515981735 0.3835616438356165 0.03378995433789953 0.07762557077625566
0 0.24246575342465754 0.5605022831050228 0.03378995433789953 0.13926940639269403
0 0.27305936073059356 0.5365296803652968 0.029223744292237477 0.09589041095890409
0 0.19041095890410958 0.6210045662100456 0.044748858447488576 0.11872146118721467
0 0.06940639269406391 0.7294520547945206 0.04383561643835615 0.13013698630136986
0 0.030136986301369864 0.882420091324201 0.05662100456621005 0.12557077625570784
0 0.13926940639269408 0.9703196347031963 0.061187214611872154 0.05936073059360737
0 0.5059360730593607 0.8378995433789956 0.06392694063926939 0.1187214611872146
0 0.44703196347031965 0.7773972602739727 0.07214611872146122 0.07990867579908681
0 0.4438356164383561 0.8710045662100455 0.04748858447488587 0.18949771689497724
0 0.7118721461187215 0.8344748858447488 0.08675799086758004 0.10730593607305934
0 0.7684931506849315 0.8173515981735159 0.03926940639269404 0.19178082191780818
0 0.7561643835616438 0.6837899543378996 0.040182648401826386 0.10273972602739719
0 0.7050228310502284 0.7168949771689498 0.06392694063926939 0.08675799086758004
0 0.6566210045662101 0.5787671232876712 0.03287671232876711 0.05251141552511413
0 0.632420091324201 0.545662100456621 0.04292237442922378 0.0593607305936073
0 0.8292237442922376 0.6860730593607306 0.049315068493150704 0.08447488584474883
0 0.749771689497717 0.5993150684931507 0.049315068493150704 0.07990867579908681
0 0.6155251141552511 0.7579908675799086 0.06757990867579913 0.14611872146118712
0 0.30821917808219174 0.23858447488584475 0.030136986301369822 0.07990867579908674
0 0.34109589041095895 0.22602739726027393 0.02648401826484019 0.05936073059360734
0 0.3698630136986301 0.2591324200913242 0.014611872146118756 0.0707762557077626
0 0.3917808219178082 0.3070776255707762 0.010958904109589013 0.0525114155251141
0 0.39406392694063924 0.26369863013698625 0.01735159817351601 0.02968036529680365
0 0.3242009132420091 0.4006849315068493 0.014611872146118756 0.06164383561643838
0 0.34840182648401824 0.3527397260273972 0.019178082191780774 0.038812785388127935
0 0.37534246575342467 0.341324200913242 0.01826484018264843 0.06621004566210044
0 0.378082191780822 0.4497716894977169 0.01826484018264843 0.06392694063926939
0 0.3561643835616438 0.4577625570776256 0.020091324200913262 0.06164383561643838
0 0.3680365296803653 0.8710045662100455 0.06392694063926939 0.1575342465753424
0 0.8753424657534246 0.8652968036529681 0.08858447488584474 0.1369863013698631
0 0.8547945205479452 0.8299086757990868 0.11506849315068507 0.17579908675799089
0 0.9648401826484019 0.8127853881278538 0.07031963470319638 0.1735159817351598
0 0.9621004566210045 0.6735159817351598 0.0757990867579909 0.1187214611872146
0 0.9739726027397261 0.4771689497716895 0.052054794520547884 0.1415525114155251
0 0.1095890410958904 0.8059360730593608 0.05296803652968034 0.18721461187214616
0 0.26712328767123283 0.7728310502283103 0.10319634703196347 0.134703196347032
0 0.41278538812785387 0.271689497716895 0.01278538812785392 0.04109589041095891
0 0.5141552511415525 0.6986301369863014 0.058447488584474815 0.08675799086758004
0 0.31461187214611874 0.4611872146118721 0.026484018264840224 0.06392694063926939
0 0.5657534246575342 0.7077625570776255 0.04292237442922378 0.1187214611872146
