0 0.11826484018264839 0.5068493150684931 0.046575342465753414 0.15525114155251138
0 0.061187214611872154 0.47146118721461183 0.05479452054794521 0.18493150684931506
0 0.15433789954337898 0.17009132420091322 0.05662100456621001 0.13013698630136986
0 0.18264840182648404 0.12899543378995432 0.031050228310502276 0.09360730593607305
0 0.16940639269406393 0.3253424657534246 0.048401826484018286 0.1347031963470319
0 0.19269406392694063 0.6255707762557078 0.040182648401826455 0.12328767123287676
0 0.24246575342465754 0.5479452054794521 0.028310502283105023 0.11872146118721467
0 0.27397260273972607 0.521689497716895 0.029223744292237477 0.10273972602739725
0 0.25890410958904114 0.4006849315068493 0.030136986301369895 0.08447488584474883
0 0.27442922374429224 0.3150684931506849 0.03378995433789953 0.1141552511415525
0 0.23698630136986304 0.2568493150684932 0.02831050228310499 0.08447488584474887
0 0.24931506849315072 0.18036529680365296 0.034703196347031985 0.0776255707762557
0 0.31095890410958904 0.2351598173515982 0.028310502283105096 0.08219178082191786
0 0.3415525114155251 0.22488584474885845 0.020091324200913193 0.07077625570776255
0 0.3091324200913242 0.3573059360730593 0.021004566210045646 0.07077625570776248
0 0.3484018264840183 0.3561643835616438 0.022831050228310515 0.0593607305936073
0 0.3584474885844749 0.4337899543378995 0.024657534246575352 0.06392694063926939
0 0.3328767123287672 0.452054794520548 0.021004566210045608 0.07762557077625573
0 0.3073059360730594 0.46232876712328774 0.028310502283105058 0.06164383561643838
0 0.07397260273972601 0.7363013698630136 0.04748858447488583 0.16666666666666663
0 0.12511415525114156 0.7694063926940641 0.045662100456620995 0.1461187214611873
0 0.03881278538812785 0.8755707762557079 0.057534246575342465 0.15753424657534254
0 0.13424657534246578 0.9611872146118722 0.0639269406392694 0.07762557077625573
0 0.04703196347031964 0.9748858447488584 0.07579908675799088 0.05022831050228319
0 0.5899543378995433 0.8481735159817351 0.05296803652968045 0.17123287671232887
0 0.5164383561643835 0.8321917808219177 0.0648401826484018 0.11187214611872136
0 0.4383561643835616 0.8812785388127854 0.05479452054794521 0.14155251141552527
0 0.3689497716894977 0.8767123287671234 0.06575342465753423 0.15981735159817348
0 0.7073059360730594 0.8299086757990867 0.0867579908675799 0.12557077625570784
0 0.7698630136986302 0.7910958904109588 0.043835616438356054 0.14840182648401823
0 0.8963470319634703 0.8641552511415526 0.10136986301369845 0.17123287671232873
0 0.8479452054794521 0.8184931506849316 0.12328767123287676 0.18493150684931506
0 0.8315068493150685 0.6917808219178082 0.04657534246575338 0.07762557077625572
0 0.7557077625570776 0.6723744292237442 0.04474885844748869 0.07077625570776255
0 0.7570776255707763 0.5970319634703197 0.05662100456621005 0.08447488584474899
0 0.6520547945205479 0.5742009132420091 0.031050228310502276 0.06164383561643838
0 0.6264840182648402 0.5468036529680365 0.032876712328767044 0.05251141552511413
0 0.7027397260273972 0.5799086757990868 0.03378995433789967 0.06392694063926939
0 0.7086757990867579 0.7123287671232876 0.058447488584474884 0.07762557077625573
0 0.9789954337899544 0.4737442922374429 0.04200913242009136 0.12100456621004568
0 0.5351598173515982 0.6860730593607306 0.06392694063926939 0.08904109589041084
0 0.623744292237443 0.6210045662100456 0.04200913242009143 0.09132420091324192
0 0.617351598173516 0.7454337899543378 0.047488584474885936 0.15753424657534254
0 0.37168949771689497 0.3527397260273972 0.014611872146118685 0.07534246575342465
0 0.3881278538812785 0.4726027397260274 0.01643835616438359 0.05479452054794521
0 0.3757990867579909 0.2705479452054794 0.019178082191780774 0.07077625570776255
0 0.21826484018264844 0.821917808219178 0.034703196347031985 0.07762557077625573
0 0.4908675799086758 0.773972602739726 0.07397260273972606 0.10045662100456611
