0 0.15890410958904108 0.18721461187214608 0.04018264840182651 0.14611872146118718
0 0.1817351598173516 0.12214611872146118 0.027397260273972605 0.10730593607305934
0 0.1735159817351598 0.3093607305936073 0.03105022831050226 0.12100456621004568
0 0.12511415525114156 0.5045662100456622 0.034703196347031964 0.1461187214611872
0 0.061643835616438346 0.4634703196347032 0.055707762557077614 0.18264840182648398
0 0.07123287671232877 0.7054794520547945 0.03287671232876712 0.13242009132420093
0 0.033789954337899546 0.8310502283105022 0.04566210045662101 0.2009132420091325
0 0.12009132420091323 0.7522831050228311 0.061187214611872154 0.15296803652968038
0 0.19132420091324198 0.6221461187214612 0.042922374429223746 0.09817351598173517
0 0.24246575342465754 0.5410958904109588 0.03013698630136986 0.1141552511415525
0 0.27123287671232876 0.521689497716895 0.020091324200913193 0.08904109589041091
0 0.2397260273972603 0.24429223744292236 0.02100456621004568 0.07762557077625569
0 0.2561643835616438 0.3915525114155251 0.02283105022831048 0.06164383561643838
0 0.2703196347031963 0.3070776255707763 0.023744292237442968 0.08904109589041091
0 0.282648401826484 0.2602739726027397 0.02831050228310499 0.08675799086757995
0 0.30273972602739724 0.3436073059360731 0.02648401826484019 0.07990867579908674
0 0.3319634703196347 0.45433789954337894 0.01735159817351601 0.0867579908675799
0 0.34748858447488584 0.36529680365296807 0.019178082191780844 0.06849315068493154
0 0.33515981735159817 0.23401826484018265 0.014611872146118685 0.06621004566210047
0 0.31095890410958904 0.228310502283105 0.02648401826484015 0.07762557077625573
0 0.35570776255707764 0.44977168949771695 0.02100456621004568 0.08219178082191782
0 0.3767123287671233 0.3641552511415525 0.015525114155251174 0.07534246575342465
0 0.36073059360730597 0.24657534246575338 0.016438356164383522 0.0730593607305936
0 0.3018264840182648 0.44863013698630133 0.028310502283105023 0.08447488584474883
0 0.3168949771689497 0.5068493150684931 0.021917808219178027 0.08219178082191782
0 0.3643835616438356 0.8744292237442923 0.05662100456620998 0.1735159817351598
0 0.7118721461187215 0.8310502283105023 0.08493150684931522 0.11415525114155259
0 0.7726027397260273 0.7968036529680365 0.040182648401826525 0.12328767123287676
0 0.4429223744292237 0.8196347031963471 0.08401826484018265 0.08219178082191775
0 0.49863013698630143 0.7648401826484019 0.08219178082191782 0.07762557077625573
0 0.5114155251141552 0.8515981735159818 0.10776255707762566 0.1187214611872146
0 0.7602739726027398 0.6792237442922374 0.04292237442922371 0.08904109589041084
0 0.8232876712328769 0.8002283105022832 0.05388127853881272 0.16210045662100456
0 0.8831050228310502 0.8584474885844751 0.09132420091324192 0.10958904109589028
0 0.9589041095890412 0.7979452054794521 0.07671232876712338 0.12100456621004568
0 0.9589041095890412 0.7111872146118722 0.08219178082191775 0.11643835616438367
0 0.13744292237442923 0.9657534246575342 0.06484018264840184 0.06849315068493154
0 0.046575342465753414 0.9680365296803654 0.0821917808219178 0.06392694063926939
0 0.21643835616438356 0.9577625570776256 0.05479452054794521 0.08447488584474883
0 0.7009132420091325 0.7100456621004565 0.07214611872146108 0.07762557077625573
0 0.7625570776255708 0.5993150684931507 0.06575342465753409 0.07534246575342465
0 0.6995433789954337 0.5924657534246576 0.04200913242009136 0.09817351598173517
0 0.6753424657534248 0.6278538812785388 0.048401826484018355 0.059360730593607226
0 0.6515981735159818 0.5742009132420092 0.031963470319634625 0.06621004566210047
0 0.28036529680365296 0.8047945205479452 0.08767123287671229 0.10730593607305934
0 0.9762557077625571 0.48173515981735165 0.04748858447488573 0.08675799086757997
0 0.6237442922374429 0.79337899543379 0.07853881278538807 0.1073059360730592
0 0.5625570776255708 0.6963470319634704 0.07123287671232881 0.09589041095890423
0 0.417351598173516 0.7408675799086758 0.07123287671232874 0.10273972602739719
