0 0.04337899543378995 0.83675799086758 0.044748858447488576 0.15296803652968038
0 0.08401826484018265 0.732876712328767 0.04566210045662101 0.13242009132420107
0 0.07077625570776255 0.4486301369863014 0.05570776255707763 0.19406392694063931
0 0.12283105022831052 0.5 0.022831050228310498 0.1506849315068493
0 0.17031963470319636 0.33789954337899547 0.05570776255707763 0.11415525114155248
0 0.15570776255707763 0.18036529680365296 0.04474885844748856 0.11415525114155249
0 0.18812785388127853 0.14269406392694065 0.04748858447488587 0.11643835616438356
0 0.2465753424657534 0.24200913242009128 0.02557077625570777 0.0730593607305936
0 0.23059360730593612 0.408675799086758 0.044748858447488576 0.15525114155251146
0 0.16301369863013698 0.5662100456621004 0.031963470319634674 0.1461187214611873
0 0.19406392694063926 0.6232876712328768 0.031963470319634694 0.12328767123287669
0 0.4657534246575342 0.8732876712328766 0.06027397260273979 0.11643835616438353
0 0.47305936073059357 0.8059360730593608 0.058447488584474815 0.09589041095890423
0 0.7228310502283105 0.83675799086758 0.07397260273972606 0.14383561643835605
0 0.7712328767123288 0.773972602739726 0.04657534246575338 0.19178082191780818
0 0.889041095890411 0.8527397260273973 0.07579908675799076 0.13013698630136986
0 0.8712328767123287 0.7945205479452055 0.0694063926940639 0.13242009132420093
0 0.9684931506849316 0.7545662100456622 0.0630136986301369 0.14383561643835618
0 0.834703196347032 0.6757990867579909 0.06210045662100455 0.11872146118721454
0 0.9748858447488584 0.49429223744292244 0.05022831050228319 0.13013698630136994
0 0.7698630136986302 0.6141552511415526 0.06392694063926939 0.0684931506849314
0 0.7598173515981734 0.6837899543378996 0.049315068493150704 0.07990867579908681
0 0.7168949771689498 0.7214611872146119 0.04748858447488573 0.07762557077625573
0 0.6511415525114156 0.5833333333333333 0.021917808219178027 0.05707762557077622
0 0.6506849315068493 0.5353881278538813 0.02100456621004554 0.0525114155251142
0 0.6219178082191781 0.6164383561643835 0.031050228310502276 0.06849315068493148
0 0.6333333333333333 0.7796803652968036 0.057534246575342396 0.08447488584474883
0 0.5611872146118722 0.8344748858447488 0.06849315068493154 0.10730593607305948
0 0.5579908675799087 0.7739726027397259 0.07305936073059364 0.07762557077625573
0 0.528310502283105 0.7385844748858448 0.06849315068493148 0.08447488584474883
0 0.36164383561643837 0.8778538812785388 0.05114155251141554 0.18949771689497724
0 0.2328767123287671 0.8127853881278537 0.05296803652968038 0.16438356164383564
0 0.13835616438356163 0.9577625570776256 0.052054794520547926 0.08447488584474883
0 0.05662100456621005 0.9691780821917808 0.06575342465753424 0.06164383561643831
0 0.27305936073059356 0.5296803652968036 0.029223744292237477 0.09132420091324199
0 0.2730593607305936 0.3025114155251142 0.0219178082191781 0.07990867579908674
0 0.30593607305936077 0.2397260273972603 0.025570776255707736 0.05479452054794521
0 0.32009132420091324 0.20662100456621005 0.022831050228310515 0.07534246575342465
0 0.3041095890410959 0.3356164383561644 0.018264840182648463 0.07305936073059364
0 0.34566210045662105 0.3561643835616438 0.019178082191780774 0.06392694063926939
0 0.3689497716894977 0.3276255707762557 0.014611872146118685 0.0662100456621004
0 0.3552511415525115 0.2454337899543379 0.01643835616438359 0.07990867579908677
0 0.3388127853881278 0.40981735159817356 0.02557077625570777 0.07534246575342465
0 0.3634703196347032 0.4394977168949772 0.018264840182648356 0.07990867579908667
0 0.3442922374429224 0.5022831050228311 0.020091324200913262 0.08219178082191782
0 0.38949771689497714 0.4703196347031963 0.013698630136986339 0.06392694063926939
0 0.3835616438356165 0.271689497716895 0.007305936073059413 0.06849315068493152
0 0.4045662100456622 0.2694063926940639 0.014611872146118756 0.045662100456620995
0 0.37123287671232874 0.2682648401826484 0.017351598173515937 0.07990867579908677
0 0.31278538812785395 0.46917808219178075 0.024657534246575387 0.09817351598173518
0 0.7228310502283105 0.6438356164383562 0.048401826484018216 0.09132420091324206
