0 0.0639269406392694 0.4680365296803653 0.0493150684931507 0.15981735159817353
0 0.11917808219178083 0.4794520547945206 0.03013698630136986 0.1415525114155252
0 0.17534246575342466 0.3162100456621004 0.03652968036529682 0.09360730593607308
0 0.16392694063926944 0.18036529680365299 0.03926940639269406 0.1004566210045662
0 0.19954337899543384 0.15296803652968038 0.046575342465753414 0.1552511415525114
0 0.2452054794520548 0.2226027397260274 0.024657534246575352 0.10273972602739725
0 0.22602739726027393 0.39497716894977164 0.024657534246575318 0.12328767123287676
0 0.25662100456621006 0.35502283105022825 0.025570776255707736 0.07990867579908674
0 0.2762557077625571 0.3264840182648402 0.024657534246575352 0.08675799086757995
0 0.16392694063926938 0.5342465753424659 0.03744292237442922 0.13242009132420088
0 0.08310502283105023 0.7123287671232876 0.0365296803652968 0.13242009132420107
0 0.03972602739726027 0.8413242009132421 0.05388127853881279 0.23972602739726015
0 0.1908675799086758 0.6015981735159817 0.045662100456620995 0.11187214611872136
0 0.4616438356164383 0.8904109589041093 0.06118721461187213 0.1324200913242008
0 0.917351598173516 0.8744292237442921 0.0867579908675799 0.1232876712328766
0 0.8767123287671232 0.8207762557077626 0.09497716894977173 0.11643835616438353
0 0.7242009132420091 0.8344748858447488 0.09132420091324192 0.10730593607305934
0 0.7949771689497718 0.7808219178082192 0.04474885844748854 0.1187214611872146
0 0.7529680365296804 0.7579908675799086 0.04292237442922385 0.10502283105022826
0 0.7621004566210046 0.6712328767123288 0.059360730593607226 0.08219178082191775
0 0.8351598173515982 0.6883561643835617 0.06484018264840173 0.07990867579908681
0 0.9794520547945206 0.4874429223744292 0.04109589041095901 0.10730593607305941
0 0.36392694063926945 0.86986301369863 0.05388127853881272 0.18264840182648412
0 0.46301369863013697 0.7271689497716894 0.032876712328767044 0.1118721461187215
0 0.4141552511415525 0.7203196347031964 0.05570776255707756 0.10273972602739719
0 0.34337899543378997 0.5022831050228311 0.023744292237442864 0.06849315068493148
0 0.9465753424657534 0.7511415525114153 0.10502283105022826 0.10045662100456625
0 0.5748858447488584 0.8276255707762558 0.06118721461187221 0.10730593607305934
0 0.5242009132420091 0.7922374429223744 0.06940639269406397 0.0867579908675799
0 0.7077625570776256 0.7077625570776256 0.0621004566210047 0.06849315068493154
0 0.2694063926940639 0.526255707762557 0.020091324200913262 0.07534246575342465
0 0.28949771689497716 0.5171232876712328 0.010958904109589013 0.06164383561643831
0 0.3132420091324201 0.4840182648401827 0.01826484018264843 0.04566210045662103
0 0.2835616438356164 0.44406392694063923 0.031963470319634694 0.07077625570776248
0 0.31552511415525114 0.4018264840182648 0.021004566210045608 0.06392694063926939
0 0.33013698630136984 0.3527397260273972 0.02100456621004568 0.06621004566210047
0 0.3424657534246575 0.408675799086758 0.023744292237443006 0.04566210045662103
0 0.34794520547945207 0.3573059360730593 0.014611872146118685 0.06164383561643831
0 0.28447488584474884 0.21575342465753425 0.021004566210045646 0.09360730593607308
0 0.31050228310502276 0.2511415525114156 0.018264840182648633 0.06849315068493131
0 0.3210045662100457 0.2123287671232877 0.021004566210045716 0.06849315068493152
0 0.3557077625570777 0.252283105022831 0.011872146118721432 0.057077625570776294
0 0.3799086757990868 0.2568493150684931 0.014611872146118756 0.06164383561643838
0 0.6547945205479451 0.5742009132420091 0.02557077625570784 0.05251141552511413
0 0.6315068493150684 0.610730593607306 0.031963470319634764 0.05707762557077622
0 0.6232876712328766 0.5388127853881279 0.02100456621004568 0.04109589041095894
