0 0.06621004566210045 0.4794520547945206 0.052054794520547946 0.18264840182648406
0 0.12146118721461185 0.49885844748858443 0.040182648401826476 0.17579908675799097
0 0.17397260273972606 0.3116438356164383 0.033789954337899566 0.13470319634703196
0 0.15890410958904108 0.1780821917808219 0.05114155251141552 0.1095890410958904
0 0.18401826484018266 0.11986301369863012 0.03561643835616437 0.12557077625570773
0 0.24246575342465754 0.2614155251141553 0.028310502283105023 0.09360730593607308
0 0.226027397260274 0.39726027397260283 0.024657534246575352 0.1141552511415525
0 0.19771689497716896 0.45433789954337894 0.02648401826484019 0.1141552511415525
0 0.16757990867579906 0.5342465753424658 0.030136986301369822 0.16894977168949774
0 0.07716894977168949 0.7168949771689498 0.03561643835616438 0.13242009132420093
0 0.043835616438356165 0.8333333333333335 0.04200913242009133 0.16438356164383564
0 0.13470319634703196 0.9668949771689498 0.05205479452054794 0.06621004566210047
0 0.052968036529680365 0.9611872146118722 0.07488584474885845 0.07762557077625573
0 0.25342465753424653 0.3584474885844749 0.017351598173515975 0.0867579908675799
0 0.2735159817351598 0.3105022831050228 0.02648401826484019 0.09132420091324199
0 0.28264840182648404 0.44634703196347025 0.03196347031963473 0.08904109589041098
0 0.2703196347031963 0.5228310502283106 0.025570776255707736 0.09132420091324206
0 0.2908675799086758 0.5091324200913242 0.019178082191780844 0.08219178082191789
0 0.47442922374429225 0.8550228310502282 0.050228310502283054 0.11643835616438353
0 0.7447488584474885 0.8287671232876711 0.06849315068493154 0.10502283105022826
0 0.5178082191780822 0.7351598173515981 0.06210045662100455 0.06392694063926939
0 0.5251141552511416 0.8036529680365296 0.06392694063926939 0.10045662100456625
0 0.45525114155251145 0.7157534246575343 0.05570776255707763 0.10730593607305948
0 0.3598173515981735 0.8584474885844751 0.05479452054794521 0.15981735159817348
0 0.21324200913242009 0.6746575342465754 0.0374429223744292 0.15753424657534246
0 0.3228310502283105 0.3105022831050228 0.024657534246575387 0.10045662100456618
0 0.7621004566210046 0.6621004566210046 0.05570776255707756 0.07762557077625566
0 0.8054794520547947 0.5878995433789954 0.04748858447488587 0.07077625570776255
0 0.8415525114155251 0.6757990867579909 0.057534246575342535 0.08219178082191775
0 0.8004566210045664 0.7648401826484017 0.031963470319634694 0.1415525114155251
0 0.6529680365296804 0.5776255707762558 0.027397260273972535 0.04109589041095894
0 0.7196347031963469 0.6312785388127854 0.031050228310502206 0.07077625570776241
0 0.5963470319634703 0.9246575342465754 0.05296803652968038 0.1506849315068493
0 0.41141552511415524 0.7648401826484019 0.03561643835616437 0.10958904109589028
0 0.902283105022831 0.8493150684931507 0.10045662100456625 0.10502283105022826
0 0.9502283105022832 0.7568493150684931 0.09954337899543375 0.13013698630136986
