0 0.06171735241502674 0.45304114490160996 0.06529516994633273 0.21914132379248655
0 0.11985688729874766 0.49329159212880136 0.04561717352415025 0.19230769230769226
0 0.16905187835420385 0.5268336314847943 0.034883720930232585 0.20125223613595714
0 0.0849731663685151 0.7012522361359569 0.036672629695885514 0.22361359570661896
0 0.04293381037567075 0.8454830053667263 0.05456171735241504 0.16771019677996435
0 0.17084078711985676 0.31328264758497304 0.027728085867620784 0.12298747763864046
0 0.22316636851520563 0.40496422182468694 0.02683363148479426 0.12298747763864036
0 0.15339892665474053 0.19141323792486578 0.0500894454382826 0.12969588550983902
0 0.18067978533094803 0.14110017889087648 0.027728085867620714 0.1050983899821109
0 0.2146690518783541 0.1992397137745974 0.02236135957066189 0.10062611806797853
0 0.2428443649373881 0.25626118067978526 0.02325581395348838 0.10286225402504477
0 0.2737030411449015 0.30881037567084074 0.025939177101967806 0.0693202146690519
0 0.25447227191413224 0.35576923076923067 0.028622540250447238 0.07379248658318424
0 0.2817531305903398 0.44409660107334525 0.02236135957066189 0.07155635062611808
0 0.32602862254025033 0.4373881932021467 0.02683363148479426 0.09391771019677997
0 0.321556350626118 0.33340787119856885 0.02146690518783547 0.08273703041144902
0 0.35062611806797844 0.35688729874776376 0.018783542039356078 0.07155635062611808
0 0.35465116279069764 0.45527728085867614 0.025044722719141318 0.05366726296958859
0 0.2678890876565294 0.5212432915921288 0.017889087656529554 0.0693202146690519
0 0.2875670840787119 0.5190071556350625 0.010733452593917683 0.06037567084078717
0 0.21064400715563497 0.6375223613595706 0.028622540250447272 0.08720930232558147
0 0.49373881932021463 0.8398926654740609 0.06708407871198567 0.09391771019678018
0 0.6341681574239714 0.8678443649373883 0.0831842576028621 0.1050983899821108
0 0.7285330948121646 0.8287119856887298 0.0626118067978534 0.08497316636851522
0 0.9239713774597493 0.8711985688729874 0.06887298747763836 0.10286225402504456
0 0.8694096601073344 0.782871198568873 0.08497316636851508 0.10957066189624314
0 0.9458855098389981 0.737030411449016 0.07692307692307679 0.09838998211091252
0 0.7933810375670839 0.7560375670840788 0.02772808586762082 0.11851520572450823
0 0.8282647584973165 0.6911896243291592 0.04740608228980335 0.08273703041144899
0 0.7687835420393561 0.666592128801431 0.057245080500894545 0.08273703041144899
0 0.8179785330948122 0.5816189624329159 0.04293381037567102 0.07826475849731665
0 0.974731663685152 0.5067084078711984 0.05053667262969626 0.09391771019677997
0 0.6341681574239713 0.5458407871198568 0.02772808586762082 0.029069767441860534
0 0.6328264758497316 0.5190071556350625 0.02862254025044713 0.03354203935599287
