0 0.0812785388127854 0.7191780821917808 0.0365296803652968 0.1461187214611873
0 0.07123287671232877 0.4737442922374429 0.06027397260273973 0.17123287671232887
0 0.12191780821917808 0.5068493150684932 0.033789954337899566 0.1461187214611873
0 0.17168949771689498 0.5 0.040182648401826476 0.12785388127853878
0 0.16712328767123288 0.6917808219178083 0.04566210045662098 0.15525114155251146
0 0.21643835616438356 0.6735159817351598 0.03470319634703195 0.10958904109589042
0 0.25114155251141557 0.6084474885844748 0.05296803652968038 0.13013698630136986
0 0.46073059360730595 0.932648401826484 0.05022831050228312 0.134703196347032
0 0.5716894977168949 0.845890410958904 0.07123287671232881 0.1118721461187215
0 0.6666666666666667 0.8550228310502282 0.043835616438356054 0.12557077625570784
0 0.7369863013698631 0.8070776255707761 0.05662100456620991 0.11643835616438353
0 0.7968036529680366 0.7808219178082192 0.06118721461187221 0.09589041095890409
0 0.9168949771689497 0.8584474885844751 0.06757990867579906 0.1187214611872146
0 0.871689497716895 0.7888127853881279 0.07762557077625559 0.08904109589041098
0 0.9680365296803654 0.7511415525114153 0.06392694063926939 0.1187214611872146
0 0.8406392694063928 0.6803652968036531 0.028310502283105023 0.09589041095890409
0 0.7721461187214612 0.6621004566210046 0.05388127853881287 0.07305936073059364
0 0.7968036529680366 0.58675799086758 0.04292237442922385 0.07305936073059356
0 0.9730593607305937 0.4942922374429224 0.05388127853881272 0.10730593607305934
0 0.8721461187214612 0.5787671232876712 0.06575342465753423 0.08904109589041098
0 0.28493150684931506 0.7990867579908677 0.08767123287671229 0.13242009132420093
0 0.14931506849315068 0.9668949771689498 0.057534246575342445 0.06621004566210047
0 0.06484018264840181 0.9383561643835617 0.10776255707762555 0.12328767123287676
0 0.041552511415525115 0.8162100456621004 0.042922374429223746 0.1575342465753424
0 0.5534246575342466 0.7808219178082192 0.08219178082191782 0.1050228310502284
0 0.6383561643835617 0.7134703196347032 0.07305936073059364 0.09360730593607315
0 0.40502283105022835 0.8070776255707761 0.0374429223744292 0.11643835616438353
0 0.4671232876712328 0.8082191780821918 0.0593607305936073 0.1050228310502284
0 0.45890410958904115 0.7226027397260273 0.037442922374429276 0.1073059360730592
0 0.16438356164383564 0.3276255707762557 0.034703196347031985 0.12100456621004561
0 0.22054794520547943 0.39726027397260266 0.03378995433789953 0.10958904109589035
0 0.25616438356164384 0.36301369863013705 0.019178082191780844 0.09132420091324199
0 0.2712328767123287 0.31278538812785384 0.0237442922374429 0.09589041095890409
0 0.2986301369863014 0.2888127853881279 0.020091324200913228 0.07077625570776253
0 0.3273972602739726 0.3207762557077626 0.02100456621004568 0.057077625570776294
0 0.31917808219178084 0.38584474885844755 0.028310502283105058 0.08219178082191782
0 0.34748858447488584 0.34474885844748854 0.013698630136986339 0.05022831050228312
0 0.3374429223744292 0.4623287671232877 0.021004566210045608 0.07077625570776248
0 0.3593607305936073 0.46917808219178087 0.02100456621004568 0.09360730593607308
