0 0.06255707762557078 0.47945205479452047 0.04840182648401826 0.1735159817351598
0 0.11963470319634706 0.5011415525114156 0.034703196347031964 0.14840182648401823
0 0.17123287671232876 0.523972602739726 0.04109589041095889 0.14840182648401828
0 0.15662100456621006 0.6643835616438355 0.042922374429223725 0.1324200913242008
0 0.08401826484018265 0.728310502283105 0.04200913242009133 0.15525114155251132
0 0.038356164383561646 0.8378995433789953 0.04566210045662101 0.18264840182648398
0 0.13698630136986303 0.9646118721461187 0.03835616438356164 0.07077625570776264
0 0.12100456621004567 0.22945205479452052 0.035616438356164404 0.12557077625570778
0 0.1602739726027397 0.1815068493150685 0.0502283105022831 0.11643835616438354
0 0.18538812785388128 0.11187214611872147 0.027397260273972605 0.1232876712328767
0 0.2146118721461187 0.19977168949771693 0.02557077625570777 0.12557077625570778
0 0.23835616438356166 0.25 0.0219178082191781 0.09360730593607304
0 0.254337899543379 0.3595890410958904 0.022831050228310515 0.07534246575342465
0 0.21917808219178084 0.3858447488584475 0.029223744292237407 0.10045662100456625
0 0.2397260273972603 0.46118721461187223 0.02831050228310499 0.08675799086757997
0 0.26986301369863014 0.5068493150684931 0.02100456621004568 0.08219178082191782
0 0.217351598173516 0.6426940639269406 0.031050228310502276 0.13013698630136986
0 0.29041095890410956 0.18378995433789952 0.02191780821917806 0.10273972602739725
0 0.2616438356164384 0.17123287671232876 0.02283105022831048 0.0867579908675799
0 0.271689497716895 0.3127853881278539 0.01735159817351601 0.09132420091324199
0 0.2968036529680365 0.3356164383561644 0.01826484018264839 0.09589041095890409
0 0.3228310502283105 0.3162100456621005 0.01917808219178081 0.0799086757990867
0 0.35022831050228315 0.3527397260273972 0.019178082191780844 0.06621004566210047
0 0.3223744292237443 0.4052511415525114 0.01826484018264839 0.093607305936073
0 0.5543378995433791 0.8413242009132421 0.06392694063926939 0.09817351598173517
0 0.652054794520548 0.845890410958904 0.05114155251141547 0.1118721461187215
0 0.7132420091324201 0.9257990867579909 0.05296803652968038 0.14840182648401823
0 0.465296803652968 0.9200913242009132 0.05205479452054796 0.15981735159817362
0 0.3922374429223744 0.9406392694063928 0.06118721461187213 0.1187214611872146
0 0.4155251141552512 0.8413242009132421 0.04200913242009136 0.11187214611872165
0 0.3634703196347032 0.8550228310502282 0.04566210045662103 0.18949771689497708
0 0.3031963470319635 0.7922374429223744 0.05844748858447492 0.12785388127853878
0 0.821917808219178 0.8070776255707763 0.06757990867579906 0.1118721461187215
0 0.7401826484018263 0.8253424657534246 0.07214611872146108 0.10273972602739719
0 0.7246575342465752 0.7602739726027398 0.08493150684931507 0.08219178082191775
0 0.7611872146118722 0.660958904109589 0.0630136986301369 0.09817351598173524
0 0.8383561643835616 0.6803652968036531 0.042009132420091216 0.07762557077625573
0 0.9082191780821919 0.83675799086758 0.05388127853881272 0.15296803652968038
0 0.9547945205479452 0.8196347031963469 0.06118721461187221 0.16894977168949765
0 0.967579908675799 0.7305936073059361 0.06484018264840188 0.10045662100456611
0 0.8630136986301369 0.7682648401826475 0.06392694063926985 0.08904109589041263
0 0.4689497716894978 0.7226027397260275 0.04109589041095894 0.08904109589041098
0 0.46210045662100446 0.7876712328767124 0.05662100456621005 0.1187214611872146
0 0.7191780821917808 0.634703196347032 0.02831050228310488 0.08675799086757997
0 0.6511415525114156 0.5468036529680365 0.027397260273972678 0.038812785388127796
0 0.6520547945205479 0.593607305936073 0.02557077625570784 0.04566210045662103
