0 0.06255707762557078 0.4805936073059361 0.03926940639269406 0.16210045662100456
0 0.11278538812785388 0.5136986301369864 0.035616438356164404 0.12785388127853886
0 0.18310502283105023 0.4748858447488584 0.05570776255707765 0.1461187214611872
0 0.12465753424657533 0.24885844748858446 0.042922374429223746 0.16438356164383564
0 0.16940639269406393 0.19748858447488582 0.0502283105022831 0.16210045662100456
0 0.18584474885844743 0.11529680365296802 0.04109589041095891 0.11187214611872143
0 0.21095890410958906 0.2191780821917808 0.031050228310502276 0.136986301369863
0 0.2429223744292237 0.2545662100456621 0.016438356164383557 0.06621004566210047
0 0.22465753424657536 0.39497716894977164 0.016438356164383557 0.09589041095890409
0 0.547945205479452 0.8470319634703196 0.07853881278538807 0.1187214611872146
0 0.6470319634703197 0.8047945205479452 0.04292237442922378 0.11643835616438367
0 0.717351598173516 0.7796803652968037 0.04474885844748854 0.057077625570776294
0 0.7264840182648402 0.9257990867579909 0.06666666666666671 0.11187214611872136
0 0.9123287671232876 0.8310502283105022 0.042009132420091216 0.1415525114155251
0 0.9703196347031963 0.8242009132420091 0.05936073059360737 0.1506849315068493
0 0.8502283105022829 0.8344748858447487 0.08949771689497724 0.09360730593607315
0 0.7958904109589041 0.7557077625570776 0.041095890410958874 0.10958904109589042
0 0.7849315068493151 0.6678082191780823 0.05570776255707756 0.08904109589041084
0 0.9753424657534246 0.4771689497716895 0.04383561643835634 0.10045662100456618
0 0.7200913242009132 0.6358447488584474 0.03378995433789953 0.07534246575342465
0 0.7698630136986302 0.5810502283105022 0.03835616438356169 0.08904109589041098
0 0.16073059360730593 0.9417808219178082 0.08036529680365297 0.11643835616438353
0 0.04337899543378995 0.8378995433789953 0.04840182648401827 0.18264840182648398
0 0.08447488584474887 0.7009132420091325 0.03013698630136986 0.12785388127853886
0 0.10182648401826483 0.8401826484018265 0.04109589041095889 0.10502283105022826
0 0.1365296803652968 0.678082191780822 0.04109589041095891 0.15981735159817348
0 0.2136986301369863 0.6415525114155252 0.027397260273972605 0.10958904109589035
0 0.2383561643835616 0.634703196347032 0.03105022831050224 0.1324200913242008
0 0.27031963470319637 0.5068493150684931 0.03470319634703195 0.10958904109589049
0 0.32237442922374426 0.4075342465753424 0.02557077625570777 0.09360730593607308
0 0.3228310502283105 0.3344748858447488 0.024657534246575387 0.08904109589041091
0 0.3278538812785385 0.22031963470319627 0.02739726027397255 0.08447488584474881
0 0.2735159817351598 0.16552511415525115 0.022831050228310515 0.09817351598173517
0 0.24383561643835613 0.1643835616438356 0.020091324200913228 0.06392694063926939
0 0.4278538812785388 0.8515981735159817 0.06118721461187213 0.10045662100456611
0 0.4616438356164383 0.7248858447488585 0.037442922374429276 0.08904109589041098
0 0.5378995433789955 0.75 0.067579908675799 0.09360730593607315
0 0.46392694063926937 0.7785388127853882 0.04566210045662096 0.10958904109589042
0 0.46438356164383565 0.9121004566210044 0.048401826484018286 0.16210045662100456
0 0.3849315068493151 0.9486301369863014 0.039269406392694106 0.10273972602739719
0 0.36575342465753424 0.8424657534246575 0.05570776255707763 0.18721461187214616
0 0.6264840182648402 0.7408675799086758 0.06575342465753437 0.08447488584474883
