0 0.06712328767123286 0.46118721461187223 0.04840182648401825 0.1415525114155252
0 0.1164383561643836 0.4931506849315068 0.04292237442922365 0.1461187214611873
0 0.17945205479452056 0.476027397260274 0.046575342465753414 0.12557077625570778
0 0.16392694063926938 0.1735159817351598 0.04840182648401825 0.13698630136986303
0 0.11780821917808218 0.22031963470319632 0.05296803652968039 0.15296803652968033
0 0.632420091324201 0.8036529680365296 0.06301369863013698 0.13698630136986295
0 0.5584474885844749 0.8253424657534246 0.0648401826484018 0.08904109589041098
0 0.4648401826484018 0.7305936073059361 0.06027397260273972 0.0867579908675799
0 0.7662100456621005 0.882420091324201 0.08584474885844742 0.09817351598173502
0 0.15251141552511416 0.9315068493150684 0.07488584474885845 0.10045662100456625
0 0.22328767123287668 0.817351598173516 0.05388127853881279 0.09132420091324206
0 0.0821917808219178 0.7214611872146119 0.045662100456620995 0.16438356164383564
0 0.04200913242009132 0.8584474885844748 0.05662100456621004 0.21917808219178084
0 0.36712328767123287 0.8481735159817353 0.06027397260273972 0.1575342465753424
0 0.9155251141552512 0.8515981735159818 0.08675799086757977 0.13698630136986295
0 0.960730593607306 0.8242009132420091 0.07853881278538807 0.18264840182648398
0 0.8392694063926939 0.6803652968036531 0.040182648401826525 0.0867579908675799
0 0.45799086757990864 0.9121004566210046 0.05388127853881279 0.17579908675799089
0 0.17853881278538813 0.610730593607306 0.037442922374429234 0.12100456621004554
0 0.1319634703196347 0.6187214611872146 0.03744292237442922 0.14611872146118712
0 0.7182648401826484 0.6426940639269406 0.026484018264840047 0.07990867579908674
0 0.26575342465753427 0.17123287671232876 0.027397260273972605 0.09132420091324202
0 0.2452054794520548 0.5422374429223744 0.0374429223744292 0.09817351598173518
0 0.21506849315068494 0.6415525114155252 0.04109589041095891 0.12785388127853878
0 0.21917808219178084 0.39954337899543374 0.029223744292237407 0.10502283105022826
0 0.24200913242009134 0.2397260273972603 0.02557077625570777 0.07762557077625569
0 0.32465753424657534 0.3276255707762557 0.02648401826484019 0.07990867579908674
0 0.3187214611872146 0.3926940639269407 0.02922374429223737 0.0867579908675799
0 0.29406392694063926 0.3344748858447488 0.02739726027397257 0.09817351598173513
0 0.273972602739726 0.3093607305936073 0.027397260273972605 0.08447488584474883
0 0.2502283105022831 0.3538812785388128 0.02557077625570777 0.08675799086757995
0 0.33424657534246577 0.23858447488584475 0.01643835616438359 0.06621004566210047
0 0.380365296803653 0.4143835616438356 0.022831050228310515 0.06164383561643838
0 0.3584474885844749 0.4646118721461187 0.015525114155251174 0.06164383561643838
0 0.3415525114155251 0.4509132420091324 0.012785388127853849 0.04794520547945197
0 0.3424657534246576 0.5034246575342466 0.014611872146118756 0.05251141552511413
0 0.27442922374429224 0.5057077625570776 0.02648401826484015 0.10273972602739725
0 0.7990867579908675 0.7557077625570777 0.040182648401826525 0.08219178082191775
