0 0.062100456621004566 0.4794520547945206 0.049315068493150684 0.17808219178082196
0 0.1136986301369863 0.4897260273972603 0.028310502283105023 0.11643835616438353
0 0.13881278538812786 0.6221461187214612 0.03835616438356165 0.16210045662100447
0 0.17534246575342466 0.47602739726027393 0.04018264840182651 0.1164383561643836
0 0.17945205479452056 0.6095890410958905 0.031963470319634694 0.1187214611872146
0 0.21506849315068494 0.6575342465753425 0.031963470319634694 0.13698630136986295
0 0.08356164383561644 0.7226027397260273 0.03561643835616438 0.10273972602739732
0 0.04703196347031964 0.8321917808219177 0.04474885844748859 0.18949771689497724
0 0.09863013698630137 0.8447488584474886 0.042009132420091334 0.08675799086758004
0 0.11643835616438356 0.21118721461187215 0.03744292237442922 0.11187214611872148
0 0.15662100456621006 0.19292237442922375 0.05022831050228312 0.13926940639269408
0 0.18401826484018266 0.136986301369863 0.031963470319634694 0.1324200913242009
0 0.21050228310502284 0.15410958904109587 0.04109589041095891 0.10730593607305934
0 0.26347031963470324 0.1769406392694064 0.02648401826484015 0.07990867579908677
0 0.24292237442922374 0.2591324200913242 0.029223744292237442 0.0707762557077626
0 0.21780821917808219 0.228310502283105 0.031963470319634694 0.10958904109589039
0 0.226027397260274 0.4041095890410959 0.03013698630136986 0.10045662100456618
0 0.24566210045662099 0.36529680365296807 0.027397260273972605 0.11415525114155248
0 0.2694063926940639 0.30479452054794526 0.01826484018264839 0.0844748858447489
0 0.29497716894977166 0.33333333333333326 0.02191780821917806 0.09132420091324199
0 0.32465753424657534 0.3253424657534246 0.017351598173515902 0.057077625570776294
0 0.32146118721461187 0.39954337899543374 0.021917808219178134 0.08219178082191782
0 0.665296803652968 0.8755707762557077 0.07214611872146108 0.13470319634703187
0 0.5694063926940639 0.83675799086758 0.059360730593607226 0.11643835616438337
0 0.7881278538812785 0.6655251141552512 0.06210045662100455 0.08904109589041105
0 0.4575342465753425 0.9155251141552512 0.05479452054794521 0.1689497716894978
0 0.36210045662100454 0.8515981735159818 0.048401826484018286 0.1689497716894978
0 0.1461187214611872 0.9394977168949772 0.07853881278538813 0.09817351598173518
0 0.7926940639269406 0.7728310502283106 0.0420091324200915 0.16210045662100456
0 0.6123287671232877 0.7876712328767124 0.048401826484018286 0.1415525114155251
