0 0.06849315068493152 0.46917808219178087 0.06027397260273973 0.22146118721461192
0 0.045205479452054796 0.8230593607305936 0.03744292237442923 0.2123287671232876
0 0.07853881278538813 0.7226027397260273 0.05662100456621005 0.1803652968036529
0 0.11780821917808218 0.47146118721461194 0.04748858447488583 0.19863013698630133
0 0.1360730593607306 0.6118721461187214 0.0365296803652968 0.1461187214611873
0 0.17579908675799089 0.45433789954337894 0.037442922374429234 0.18264840182648406
0 0.17990867579908676 0.610730593607306 0.03470319634703193 0.13013698630136986
0 0.1643835616438356 0.18835616438356162 0.045662100456621016 0.11187214611872147
0 0.12146118721461185 0.2180365296803653 0.040182648401826476 0.15296803652968038
0 0.7780821917808219 0.6700913242009133 0.049315068493150704 0.07990867579908681
0 0.6520547945205479 0.8321917808219177 0.04748858447488573 0.13470319634703187
0 0.4703196347031964 0.8995433789954338 0.06757990867579906 0.19178082191780818
0 0.3374429223744293 0.8938356164383561 0.04840182648401825 0.13926940639269403
0 0.3872146118721462 0.9440639269406392 0.05844748858447495 0.11187214611872136
0 0.5392694063926942 0.7762557077625571 0.03926940639269404 0.10502283105022826
0 0.5739726027397261 0.839041095890411 0.04657534246575345 0.12100456621004554
0 0.6082191780821917 0.7477168949771689 0.03470319634703202 0.10273972602739732
0 0.17077625570776256 0.9303652968036531 0.06392694063926939 0.12100456621004568
0 0.23333333333333336 0.8196347031963469 0.037442922374429234 0.1187214611872146
0 0.2447488584474886 0.5536529680365296 0.03470319634703195 0.12557077625570778
0 0.21141552511415526 0.6495433789954338 0.03561643835616437 0.13470319634703196
0 0.8648401826484019 0.8869863013698631 0.07123287671232888 0.10273972602739732
0 0.9200913242009132 0.8413242009132421 0.06666666666666657 0.14383561643835605
0 0.971689497716895 0.8093607305936072 0.05662100456621005 0.13470319634703187
0 0.9840182648401827 0.7374429223744292 0.031963470319634694 0.09132420091324206
0 0.46666666666666673 0.7054794520547945 0.04566210045662096 0.13698630136986303
0 0.7949771689497718 0.7522831050228311 0.041095890410958874 0.08447488584474883
0 0.3219178082191781 0.5605022831050229 0.03196347031963473 0.07534246575342457
0 0.2780821917808219 0.5570776255707763 0.01917808219178081 0.09132420091324199
0 0.3187214611872146 0.4029680365296804 0.021917808219178134 0.07990867579908674
0 0.34566210045662105 0.3584474885844749 0.022831050228310515 0.0593607305936073
0 0.36210045662100454 0.3242009132420091 0.019178082191780774 0.06849315068493148
0 0.32465753424657534 0.319634703196347 0.028310502283105058 0.06849315068493152
0 0.273972602739726 0.2990867579908676 0.01826484018264839 0.09132420091324203
0 0.7515981735159818 0.8287671232876712 0.06757990867579892 0.08675799086758004
