0 0.07031963470319634 0.478310502283105 0.049315068493150684 0.1621004566210046
0 0.11689497716894978 0.49657534246575347 0.02557077625570777 0.12557077625570784
0 0.13013698630136986 0.6244292237442922 0.031963470319634694 0.17123287671232887
0 0.07853881278538813 0.7168949771689498 0.03835616438356165 0.14155251141552527
0 0.04018264840182648 0.8299086757990867 0.0547945205479452 0.16210045662100456
0 0.18584474885844748 0.5924657534246576 0.042922374429223746 0.10273972602739725
0 0.21324200913242009 0.6438356164383562 0.024657534246575352 0.13242009132420093
0 0.17579908675799089 0.4577625570776256 0.042922374429223746 0.1392694063926941
0 0.15799086757990868 0.16894977168949768 0.05114155251141554 0.11415525114155249
0 0.11735159817351598 0.20776255707762556 0.024657534246575352 0.13242009132420093
0 0.18356164383561643 0.12214611872146118 0.023744292237442934 0.09817351598173517
0 0.4694063926940639 0.8881278538812785 0.0474885844748858 0.19178082191780818
0 0.6753424657534245 0.928082191780822 0.04657534246575338 0.13926940639269403
0 0.6515981735159818 0.8047945205479452 0.04292237442922371 0.134703196347032
0 0.5840182648401826 0.8321917808219177 0.0374429223744292 0.13470319634703187
0 0.5383561643835617 0.8047945205479451 0.03744292237442913 0.13926940639269403
0 0.4689497716894977 0.7248858447488584 0.041095890410958874 0.09817351598173517
0 0.7694063926940641 0.8607305936073059 0.07397260273972606 0.10045662100456625
0 0.7511415525114153 0.8047945205479452 0.0684931506849314 0.07990867579908667
0 0.7899543378995433 0.7442922374429224 0.04566210045662103 0.08675799086758004
0 0.7789954337899545 0.6666666666666667 0.058447488584474884 0.08219178082191782
0 0.8579908675799086 0.6837899543378996 0.03561643835616451 0.07077625570776264
0 0.8744292237442923 0.8869863013698631 0.0630136986301369 0.10273972602739732
0 0.9196347031963471 0.8264840182648402 0.05662100456621005 0.1735159817351598
0 0.36712328767123287 0.8493150684931507 0.0748858447488584 0.1506849315068493
0 0.4073059360730593 0.7317351598173516 0.06575342465753423 0.10730593607305934
0 0.15753424657534246 0.9440639269406392 0.0812785388127854 0.11187214611872136
0 0.23059360730593612 0.8207762557077626 0.044748858447488576 0.11187214611872136
0 0.12557077625570776 0.8116438356164383 0.07214611872146119 0.1255707762557077
0 0.24246575342465754 0.24885844748858446 0.017351598173515975 0.06849315068493148
0 0.22876712328767126 0.226027397260274 0.024657534246575352 0.08219178082191782
0 0.24566210045662096 0.14840182648401826 0.025570776255707736 0.10502283105022832
0 0.20502283105022834 0.1506849315068493 0.021004566210045646 0.12328767123287672
0 0.32922374429223744 0.22374429223744294 0.02100456621004568 0.0730593607305936
0 0.32831050228310504 0.32876712328767127 0.019178082191780844 0.07762557077625566
0 0.319634703196347 0.3961187214611872 0.01826484018264839 0.08904109589041098
0 0.2972602739726027 0.3253424657534246 0.015525114155251174 0.1118721461187215
0 0.27488584474885847 0.3047945205479452 0.021917808219178027 0.10273972602739721
0 0.26301369863013696 0.4623287671232877 0.01826484018264839 0.10730593607305934
0 0.24429223744292236 0.5479452054794521 0.02100456621004568 0.1141552511415525
0 0.3625570776255708 0.3470319634703196 0.016438356164383522 0.06392694063926939
0 0.3461187214611872 0.36415525114155245 0.010958904109589013 0.06164383561643838
0 0.3803652968036529 0.2682648401826484 0.015525114155251103 0.047945205479452045
0 0.36757990867579904 0.2568493150684932 0.013698630136986339 0.04794520547945208
0 0.34885844748858447 0.2682648401826484 0.009132420091324178 0.0707762557077626
0 0.7187214611872146 0.6312785388127854 0.03105022831050235 0.05251141552511406
0 0.7342465753424657 0.593607305936073 0.027397260273972678 0.04566210045662103
0 0.8022831050228311 0.5993150684931507 0.03378995433789967 0.05707762557077622
0 0.519634703196347 0.6940639269406392 0.04383561643835612 0.0684931506849314
0 0.5812785388127854 0.70662100456621 0.057534246575342465 0.06621004566210047
0 0.6767123287671234 0.6301369863013698 0.0438356164383562 0.05479452054794514
