0 0.07397260273972601 0.4771689497716895 0.04018264840182648 0.15981735159817348
0 0.1141552511415525 0.48630136986301364 0.03287671232876713 0.15981735159817348
0 0.10410958904109588 0.06963470319634704 0.04383561643835618 0.13470319634703196
0 0.1602739726027397 0.1952054794520548 0.03744292237442922 0.13470319634703198
0 0.17671232876712328 0.11529680365296803 0.03013698630136986 0.11643835616438356
0 0.17123287671232873 0.4486301369863014 0.05022831050228309 0.12557077625570778
0 0.1821917808219178 0.6004566210045662 0.0374429223744292 0.10502283105022833
0 0.13515981735159815 0.6232876712328768 0.03287671232876713 0.14155251141552505
0 0.08584474885844749 0.7054794520547947 0.03287671232876713 0.1461187214611873
0 0.041552511415525115 0.7682648401826484 0.042922374429223746 0.2123287671232876
0 0.14383561643835616 0.9497716894977168 0.0593607305936073 0.10045662100456625
0 0.12511415525114156 0.8082191780821918 0.07123287671232877 0.12785388127853878
0 0.2095890410958904 0.6358447488584476 0.021004566210045646 0.10730593607305941
0 0.23926940639269406 0.5125570776255708 0.020091324200913262 0.09360730593607315
0 0.2593607305936073 0.4486301369863014 0.01826484018264839 0.08904109589041091
0 0.2821917808219178 0.44406392694063923 0.016438356164383557 0.09360730593607308
0 0.2958904109589041 0.3242009132420091 0.01826484018264843 0.10502283105022833
0 0.22146118721461186 0.38470319634703193 0.01917808219178081 0.09817351598173517
0 0.24109589041095889 0.3527397260273972 0.014611872146118721 0.09817351598173513
0 0.254337899543379 0.3310502283105022 0.011872146118721467 0.06849315068493148
0 0.2694063926940639 0.3139269406392694 0.02739726027397257 0.11187214611872147
0 0.23698630136986304 0.24885844748858446 0.024657534246575352 0.0867579908675799
0 0.24200913242009134 0.17123287671232876 0.0219178082191781 0.0639269406392694
0 0.2077625570776256 0.1598173515981735 0.030136986301369895 0.1232876712328767
0 0.5246575342465754 0.8481735159817353 0.052054794520547884 0.1575342465753424
0 0.676255707762557 0.9235159817351598 0.050228310502283054 0.15296803652968038
0 0.6575342465753425 0.7933789954337898 0.05844748858447495 0.13013698630136986
0 0.5881278538812785 0.8458904109589043 0.04566210045662103 0.13470319634703187
0 0.6150684931506849 0.7614155251141552 0.057534246575342396 0.09817351598173518
0 0.528310502283105 0.6986301369863014 0.05570776255707763 0.059360730593607226
0 0.7470319634703196 0.8173515981735159 0.07671232876712338 0.08675799086757977
0 0.7735159817351598 0.6518264840182648 0.04566210045662103 0.06621004566210047
0 0.7214611872146119 0.634703196347032 0.03835616438356155 0.05022831050228319
0 0.6826484018264841 0.6335616438356165 0.04474885844748869 0.05707762557077622
0 0.3908675799086758 0.9383561643835617 0.04383561643835612 0.12328767123287676
0 0.380365296803653 0.8082191780821918 0.07214611872146122 0.08219178082191789
0 0.41872146118721465 0.7248858447488584 0.05570776255707756 0.061643835616438464
0 0.8251141552511414 0.8025114155251142 0.041095890410958874 0.134703196347032
0 0.9191780821917809 0.821917808219178 0.057534246575342535 0.13698630136986295
0 0.9639269406392694 0.8470319634703196 0.0684931506849314 0.15068493150684945
0 0.8767123287671234 0.8835616438356163 0.04748858447488587 0.1050228310502284
0 0.7936073059360731 0.7317351598173516 0.03835616438356155 0.1118721461187215
0 0.584931506849315 0.7077625570776256 0.04474885844748869 0.06849315068493154
0 0.3228310502283105 0.39840182648401823 0.024657534246575387 0.07077625570776255
0 0.3242009132420091 0.3321917808219178 0.020091324200913262 0.052511415525114166
0 0.3525114155251141 0.2625570776255708 0.020091324200913262 0.07305936073059364
0 0.3698630136986301 0.2625570776255708 0.010958904109589013 0.07762557077625573
0 0.4 0.295662100456621 0.005479452054794507 0.05707762557077622
