0 0.06757990867579908 0.4828767123287671 0.043835616438356165 0.18949771689497724
0 0.11278538812785388 0.48401826484018273 0.033789954337899546 0.13242009132420102
0 0.13607305936073058 0.6152968036529681 0.031050228310502276 0.13013698630136986
0 0.0812785388127854 0.7054794520547947 0.042009132420091334 0.12785388127853892
0 0.05251141552511415 0.771689497716895 0.035616438356164376 0.20547945205479437
0 0.09908675799086758 0.8105022831050229 0.09589041095890412 0.15981735159817348
0 0.14200913242009133 0.9486301369863014 0.07762557077625573 0.10273972602739719
0 0.010958904109589041 0.8413242009132421 0.021917808219178082 0.2534246575342465
0 0.4657534246575342 0.8664383561643834 0.05479452054794521 0.1712328767123286
0 0.5246575342465754 0.8710045662100455 0.0557077625570777 0.1575342465753424
0 0.6826484018264841 0.9303652968036531 0.06301369863013705 0.13926940639269403
0 0.6602739726027397 0.7751141552511416 0.043835616438356054 0.11187214611872136
0 0.5922374429223745 0.8116438356164383 0.05570776255707763 0.12100456621004568
0 0.7890410958904109 0.8915525114155252 0.06210045662100455 0.1255707762557077
0 0.8296803652968038 0.8333333333333333 0.037442922374429345 0.11415525114155259
0 0.8881278538812785 0.8915525114155252 0.07031963470319638 0.09360730593607315
0 0.9182648401826483 0.8253424657534246 0.048401826484018355 0.15296803652968038
0 0.9753424657534246 0.8173515981735159 0.049315068493150704 0.1187214611872146
0 0.18173515981735158 0.5970319634703196 0.04018264840182649 0.14840182648401815
0 0.17625570776255706 0.4771689497716895 0.043835616438356165 0.1415525114155251
0 0.1602739726027397 0.1780821917808219 0.042922374429223746 0.11415525114155249
0 0.10730593607305935 0.10159817351598172 0.04840182648401825 0.10730593607305934
0 0.1817351598173516 0.2990867579908676 0.05114155251141551 0.07762557077625572
0 0.24337899543378996 0.5194063926940639 0.02648401826484019 0.12557077625570778
0 0.2141552511415525 0.6426940639269406 0.031963470319634694 0.16210045662100458
0 0.34018264840182655 0.8687214611872146 0.07945205479452057 0.07534246575342465
0 0.3780821917808219 0.8139269406392694 0.058447488584474884 0.11643835616438367
0 0.23744292237442927 0.7785388127853882 0.03835616438356165 0.1232876712328766
0 0.22374429223744294 0.3881278538812785 0.02557077625570777 0.09132420091324199
0 0.2406392694063927 0.3515981735159817 0.024657534246575352 0.09132420091324203
0 0.41598173515981735 0.7226027397260273 0.05388127853881272 0.07534246575342465
0 0.46894977168949764 0.723744292237443 0.0337899543378996 0.08219178082191789
0 0.28949771689497716 0.45433789954337905 0.03287671232876711 0.10045662100456625
0 0.26438356164383564 0.46917808219178087 0.022831050228310515 0.13926940639269403
0 0.7799086757990866 0.6449771689497718 0.0438356164383562 0.07990867579908674
0 0.7922374429223744 0.5924657534246576 0.04474885844748854 0.07990867579908674
0 0.9735159817351599 0.47602739726027393 0.05296803652968023 0.09360730593607308
0 0.7936073059360729 0.7385844748858446 0.034703196347031874 0.08904109589041098
0 0.7543378995433789 0.8082191780821918 0.06210045662100441 0.09132420091324206
0 0.7228310502283104 0.7545662100456618 0.0757990867579909 0.08447488584474883
0 0.7223744292237444 0.6837899543378996 0.04566210045662089 0.07077625570776264
0 0.7351598173515983 0.58675799086758 0.03652968036529671 0.07305936073059356
0 0.7223744292237442 0.6324200913242009 0.049315068493150704 0.0684931506849314
0 0.6826484018264841 0.6301369863013699 0.04657534246575338 0.06849315068493161
0 0.5178082191780821 0.702054794520548 0.04200913242009129 0.08447488584474883
0 0.563013698630137 0.6917808219178082 0.041095890410958874 0.08219178082191789
0 0.5876712328767124 0.7157534246575343 0.04657534246575345 0.07990867579908667
0 0.2735159817351598 0.2990867579908676 0.028310502283105023 0.08219178082191786
0 0.2977168949771689 0.32191780821917804 0.014611872146118721 0.10502283105022833
0 0.31917808219178084 0.4018264840182648 0.030136986301369895 0.09132420091324199
0 0.32237442922374426 0.319634703196347 0.027397260273972605 0.07762557077625569
0 0.3479452054794521 0.35159817351598177 0.0219178082191781 0.06849315068493148
0 0.8401826484018264 0.7477168949771689 0.03652968036529686 0.09817351598173517
