0 0.049315068493150684 0.4748858447488584 0.04018264840182649 0.1780821917808219
0 0.1278538812785388 0.4246575342465754 0.054794520547945195 0.16894977168949765
0 0.03926940639269407 0.21575342465753422 0.060273972602739735 0.23515981735159813
0 0.09589041095890412 0.17694063926940637 0.049315068493150684 0.18949771689497716
0 0.154337899543379 0.17465753424657535 0.04566210045662103 0.17579908675799089
0 0.19315068493150683 0.1312785388127854 0.030136986301369895 0.14840182648401826
0 0.18173515981735158 0.4668949771689498 0.043835616438356165 0.15296803652968038
0 0.09132420091324199 0.6940639269406392 0.03287671232876713 0.1415525114155251
0 0.049771689497716896 0.7659817351598174 0.046575342465753414 0.19406392694063926
0 0.1789954337899543 0.5878995433789954 0.054794520547945244 0.14840182648401828
0 0.12968036529680366 0.7522831050228311 0.045662100456621016 0.10730593607305934
0 0.14429223744292238 0.9463470319634704 0.08036529680365297 0.10730593607305934
0 0.554337899543379 0.8732876712328766 0.05479452054794521 0.16210045662100456
0 0.4767123287671232 0.8550228310502282 0.06210045662100448 0.15753424657534254
0 0.37762557077625575 0.817351598173516 0.06118721461187213 0.1506849315068493
0 0.22511415525114148 0.3972602739726028 0.028310502283105055 0.10958904109589047
0 0.26301369863013696 0.4509132420091324 0.02191780821917806 0.08904109589041098
0 0.2853881278538813 0.4394977168949772 0.015525114155251138 0.09360730593607315
0 0.2968036529680365 0.3253424657534246 0.023744292237442934 0.1118721461187215
0 0.27397260273972607 0.30936073059360725 0.02557077625570777 0.11643835616438353
0 0.2410958904109589 0.2454337899543379 0.023744292237442934 0.10730593607305938
0 0.6744292237442923 0.9063926940639269 0.05388127853881272 0.18721461187214616
0 0.7977168949771689 0.8995433789954338 0.06118721461187221 0.15525114155251146
0 0.7547945205479452 0.8105022831050228 0.04474885844748854 0.15981735159817362
0 0.8191780821917809 0.79337899543379 0.05479452054794521 0.1575342465753424
0 0.9118721461187215 0.7899543378995435 0.07579908675799076 0.12328767123287676
0 0.8853881278538813 0.8938356164383561 0.0630136986301369 0.14840182648401837
0 0.9808219178082191 0.83675799086758 0.03835616438356155 0.18036529680365304
0 0.865296803652968 0.6815068493150684 0.06301369863013705 0.14383561643835618
0 0.4570776255707763 0.7385844748858448 0.037442922374429276 0.10273972602739719
0 0.5200913242009132 0.7636986301369864 0.04840182648401815 0.09817351598173502
0 0.5228310502283106 0.6952054794520548 0.042922374429223635 0.08447488584474883
0 0.5561643835616438 0.684931506849315 0.025570776255707698 0.06392694063926939
0 0.6611872146118722 0.7796803652968037 0.03835616438356183 0.10730593607305948
0 0.7132420091324201 0.6997716894977168 0.049315068493150704 0.0662100456621006
0 0.7210045662100457 0.6426940639269406 0.031963470319634556 0.07077625570776255
0 0.7378995433789954 0.5810502283105023 0.03652968036529671 0.06164383561643824
0 0.7986301369863014 0.6358447488584474 0.05388127853881272 0.04337899543378981
0 0.7849315068493151 0.6940639269406392 0.07214611872146122 0.08219178082191775
0 0.7926940639269406 0.595890410958904 0.04200913242009136 0.05936073059360737
0 0.16757990867579908 0.297945205479452 0.05388127853881281 0.08904109589041095
