0 0.4602739726027397 0.8698630136986302 0.049315068493150704 0.15981735159817348
0 0.5506849315068493 0.8595890410958904 0.05296803652968045 0.13013698630136986
0 0.36621004566210047 0.8059360730593608 0.08584474885844756 0.1187214611872146
0 0.3899543378995433 0.9577625570776256 0.05114155251141547 0.08447488584474883
0 0.04200913242009133 0.7545662100456622 0.031050228310502283 0.15753424657534254
0 0.07716894977168949 0.7009132420091325 0.03561643835616438 0.1461187214611873
0 0.050684931506849315 0.47374429223744285 0.061187214611872154 0.184931506849315
0 0.02648401826484019 0.20205479452054795 0.04383561643835617 0.21689497716894976
0 0.10730593607305935 0.17123287671232873 0.04109589041095891 0.136986301369863
0 0.1602739726027397 0.17465753424657535 0.03926940639269409 0.11643835616438356
0 0.16575342465753423 0.2865296803652968 0.044748858447488576 0.06621004566210044
0 0.12100456621004568 0.44063926940639264 0.048401826484018286 0.16438356164383555
0 0.17442922374429223 0.4703196347031964 0.0474885844748858 0.13242009132420093
0 0.1762557077625571 0.6050228310502284 0.034703196347031964 0.10958904109589042
0 0.22054794520547943 0.545662100456621 0.03378995433789953 0.09589041095890409
0 0.2123287671232877 0.6529680365296804 0.0374429223744292 0.1415525114155252
0 0.1319634703196347 0.7351598173515981 0.0447488584474886 0.1735159817351598
0 0.09406392694063928 0.8413242009132421 0.07305936073059362 0.11643835616438353
0 0.13972602739726026 0.9497716894977168 0.08584474885844749 0.10045662100456625
0 0.2502283105022831 0.7773972602739727 0.05662100456621001 0.1575342465753424
0 0.011415525114155249 0.8287671232876712 0.022831050228310498 0.15981735159817348
0 0.28949771689497716 0.44063926940639264 0.031050228310502314 0.10502283105022833
0 0.2648401826484018 0.46004566210045666 0.027397260273972605 0.10730593607305941
0 0.2452054794520548 0.5022831050228311 0.028310502283105023 0.10502283105022833
0 0.26894977168949774 0.5662100456621004 0.02831050228310499 0.10502283105022826
0 0.8689497716894976 0.9372146118721463 0.11232876712328775 0.11187214611872136
0 0.9045662100456622 0.8036529680365296 0.07762557077625573 0.1369863013698631
0 0.8228310502283105 0.66324200913242 0.05479452054794521 0.06621004566210047
0 0.798173515981735 0.6027397260273972 0.06575342465753423 0.07762557077625573
0 0.732876712328767 0.5776255707762558 0.050228310502283054 0.06392694063926939
0 0.6461187214611873 0.5570776255707762 0.03378995433789953 0.05479452054794521
0 0.6570776255707763 0.8356164383561644 0.0867579908675799 0.12785388127853878
0 0.8242009132420091 0.8036529680365296 0.048401826484018355 0.14155251141552497
0 0.2406392694063927 0.25342465753424653 0.033789954337899566 0.09132420091324203
0 0.7493150684931507 0.8047945205479452 0.061187214611872064 0.11643835616438367
0 0.8817351598173516 0.6837899543378996 0.0374429223744292 0.10730593607305934
0 0.46392694063926937 0.7317351598173516 0.05114155251141554 0.08904109589041084
