0 0.46438356164383565 0.904109589041096 0.057534246575342465 0.1735159817351598
0 0.37305936073059365 0.83675799086758 0.04657534246575338 0.17123287671232873
0 0.0502283105022831 0.4646118721461187 0.0639269406392694 0.15753424657534246
0 0.03424657534246575 0.2020547945205478 0.06118721461187215 0.22146118721461178
0 0.10228310502283104 0.16210045662100456 0.03835616438356164 0.1506849315068493
0 0.16621004566210046 0.19292237442922375 0.04748858447488583 0.10730593607305935
0 0.15388127853881278 0.08447488584474887 0.03013698630136986 0.1050228310502283
0 0.19863013698630133 0.11301369863013697 0.03196347031963473 0.08447488584474887
0 0.20365296803652966 0.21004566210045664 0.027397260273972605 0.10045662100456625
0 0.12648401826484018 0.4280821917808219 0.042922374429223746 0.15296803652968038
0 0.17488584474885843 0.478310502283105 0.046575342465753435 0.13926940639269403
0 0.16849315068493148 0.29337899543379 0.042922374429223746 0.0799086757990867
0 0.08904109589041091 0.6917808219178082 0.03926940639269405 0.1598173515981736
0 0.04748858447488584 0.7739726027397259 0.049315068493150684 0.21461187214611882
0 0.12420091324200914 0.8162100456621004 0.04748858447488587 0.13926940639269403
0 0.14018264840182643 0.6426940639269404 0.04474885844748866 0.180365296803653
0 0.17625570776255706 0.6050228310502284 0.045662100456620995 0.10958904109589042
0 0.5812785388127854 0.7990867579908675 0.07397260273972606 0.1095890410958904
0 0.8753424657534248 0.8995433789954338 0.08493150684931507 0.1095890410958904
0 0.7598173515981737 0.7910958904109588 0.05479452054794521 0.14383561643835605
0 0.8251141552511414 0.6609589041095891 0.059360730593607226 0.07534246575342472
0 0.7369863013698631 0.5833333333333333 0.03287671232876718 0.05707762557077622
0 0.417351598173516 0.7020547945205479 0.040182648401826455 0.11643835616438353
0 0.7598173515981734 0.6575342465753425 0.04566210045662103 0.0684931506849314
0 0.2077625570776256 0.6484018264840182 0.035616438356164404 0.1187214611872146
0 0.22146118721461186 0.5353881278538813 0.022831050228310515 0.12100456621004575
0 0.2452054794520548 0.5091324200913242 0.02100456621004568 0.09589041095890409
0 0.22694063926940639 0.4075342465753425 0.02648401826484019 0.09817351598173517
