0 0.044748858447488576 0.21347031963470323 0.06757990867579909 0.18493150684931506
0 0.11643835616438356 0.363013698630137 0.03926940639269404 0.1415525114155251
0 0.05890410958904109 0.4771689497716895 0.052054794520547946 0.15068493150684936
0 0.13835616438356166 0.6084474885844748 0.04109589041095891 0.12100456621004575
0 0.18538812785388128 0.4657534246575342 0.06210045662100455 0.10502283105022833
0 0.08584474885844749 0.7077625570776256 0.043835616438356165 0.1415525114155252
0 0.034703196347031964 0.7636986301369864 0.04200913242009133 0.14840182648401823
0 0.4570776255707763 0.9006849315068493 0.057534246575342465 0.16666666666666657
0 0.5716894977168949 0.9223744292237442 0.06210045662100455 0.15525114155251146
0 0.6493150684931507 0.83675799086758 0.07305936073059356 0.11643835616438337
0 0.6986301369863014 0.9257990867579909 0.058447488584474884 0.13926940639269403
0 0.8835616438356165 0.8744292237442923 0.061187214611871925 0.12785388127853892
0 0.8296803652968038 0.7945205479452053 0.04657534246575338 0.12785388127853892
0 0.16712328767123288 0.1917808219178082 0.03835616438356164 0.0821917808219178
0 0.1767123287671233 0.09589041095890412 0.033789954337899566 0.10958904109589042
0 0.12283105022831052 0.07876712328767123 0.04292237442922376 0.07990867579908675
0 0.10821917808219178 0.17579908675799086 0.033789954337899566 0.10502283105022832
0 0.16666666666666669 0.29109589041095885 0.03561643835616438 0.07990867579908677
0 0.2054794520547945 0.2728310502283105 0.027397260273972605 0.12557077625570778
0 0.2228310502283105 0.17009132420091322 0.029223744292237407 0.10730593607305934
0 0.23378995433789954 0.40867579908675794 0.029223744292237442 0.0867579908675799
0 0.2219178082191781 0.5296803652968036 0.027397260273972605 0.10045662100456625
0 0.21324200913242006 0.6472602739726028 0.03378995433789953 0.08904109589041105
0 0.7666666666666666 0.8002283105022832 0.05205479452054803 0.12100456621004568
0 0.3726027397260274 0.8515981735159818 0.05479452054794521 0.1689497716894978
0 0.4068493150684931 0.7248858447488584 0.048401826484018286 0.10730593607305934
0 0.46438356164383565 0.7248858447488584 0.04292237442922378 0.08447488584474883
0 0.4767123287671232 0.800228310502283 0.09315068493150683 0.08904109589041098
0 0.9392694063926939 0.432648401826484 0.07031963470319638 0.08447488584474883
