0 0.06757990867579909 0.48515981735159813 0.07853881278538813 0.2123287671232877
0 0.11187214611872147 0.31735159817351594 0.05570776255707763 0.2511415525114155
0 0.02968036529680365 0.06050228310502284 0.053881278538812784 0.12100456621004568
0 0.16894977168949774 0.18036529680365296 0.040182648401826476 0.136986301369863
0 0.45890410958904115 0.8835616438356165 0.04657534246575345 0.15525114155251146
0 0.5789954337899544 0.9041095890410957 0.058447488584474884 0.15981735159817348
0 0.710502283105023 0.9200913242009132 0.0694063926940639 0.15981735159817362
0 0.6383561643835616 0.8242009132420091 0.08036529680365291 0.12785388127853892
0 0.7662100456621005 0.795662100456621 0.05662100456621005 0.13926940639269403
0 0.9616438356164383 0.8047945205479452 0.07671232876712324 0.17123287671232873
0 0.37945205479452054 0.8059360730593608 0.06301369863013698 0.21461187214611868
0 0.4694063926940639 0.7385844748858448 0.03287671232876711 0.13013698630136986
0 0.4328767123287671 0.7111872146118722 0.03470319634703202 0.10730593607305948
0 0.5269406392694064 0.7694063926940639 0.0438356164383562 0.12328767123287662
0 0.5821917808219178 0.7602739726027398 0.06301369863013705 0.10958904109589042
0 0.7150684931506849 0.7694063926940639 0.06392694063926939 0.0867579908675799
0 0.8926940639269406 0.7819634703196346 0.0630136986301369 0.12100456621004582
0 0.8602739726027397 0.8561643835616438 0.07671232876712338 0.14155251141552527
0 0.8374429223744292 0.7796803652968036 0.06757990867579906 0.11643835616438367
0 0.08904109589041097 0.7100456621004567 0.04474885844748859 0.1369863013698631
0 0.039269406392694065 0.7728310502283106 0.04200913242009133 0.18036529680365304
0 0.13561643835616438 0.6118721461187215 0.031963470319634694 0.15525114155251146
0 0.17397260273972603 0.4646118721461187 0.03561643835616437 0.10273972602739725
0 0.17945205479452056 0.6061643835616438 0.03926940639269407 0.12100456621004554
0 0.22694063926940639 0.5365296803652968 0.02648401826484019 0.10958904109589042
0 0.23789954337899544 0.4337899543378995 0.02648401826484015 0.0593607305936073
0 0.24840182648401826 0.3105022831050228 0.029223744292237442 0.0867579908675799
0 0.26529680365296804 0.1735159817351598 0.028310502283105058 0.0958904109589041
