0 0.5835616438356165 0.8972602739726028 0.0438356164383562 0.12785388127853878
0 0.6429223744292237 0.8744292237442923 0.05662100456621005 0.1187214611872146
0 0.7205479452054795 0.8550228310502282 0.04566210045662103 0.14383561643835618
0 0.45890410958904115 0.8801369863013698 0.06666666666666664 0.1575342465753424
0 0.3872146118721462 0.9440639269406392 0.04200913242009129 0.11187214611872136
0 0.38219178082191774 0.8196347031963469 0.04292237442922378 0.07305936073059356
0 0.46392694063926937 0.7431506849315067 0.03470319634703195 0.11643835616438353
0 0.4251141552511416 0.723744292237443 0.037442922374429276 0.1187214611872146
0 0.40273972602739727 0.7420091324200914 0.040182648401826525 0.1415525114155251
0 0.6091324200913242 0.7739726027397259 0.06757990867579906 0.09589041095890409
0 0.5278538812785388 0.7785388127853881 0.05479452054794521 0.15068493150684945
0 0.5954337899543378 0.7111872146118722 0.06392694063926946 0.09817351598173517
0 0.7589041095890411 0.812785388127854 0.049315068493150704 0.1415525114155251
0 0.8319634703196347 0.7739726027397259 0.03470319634703202 0.08675799086758004
0 0.878538812785388 0.8573059360730594 0.07671232876712338 0.14840182648401823
0 0.05662100456621005 0.47374429223744285 0.03287671232876712 0.1621004566210046
0 0.03835616438356164 0.271689497716895 0.04748858447488584 0.16438356164383564
0 0.11461187214611872 0.5410958904109588 0.04109589041095891 0.12328767123287676
0 0.1461187214611872 0.6015981735159817 0.043835616438356144 0.14840182648401823
0 0.08767123287671233 0.7089041095890412 0.04018264840182648 0.13013698630136986
0 0.04885844748858448 0.773972602739726 0.044748858447488576 0.19634703196347034
0 0.012785388127853882 0.5399543378995433 0.025570776255707764 0.14383561643835613
0 0.06621004566210045 0.9406392694063928 0.06666666666666667 0.1187214611872146
0 0.2698630136986301 0.8002283105022832 0.03561643835616433 0.11643835616438353
0 0.17168949771689498 0.4509132420091324 0.04200913242009131 0.134703196347032
0 0.1132420091324201 0.24086757990867583 0.04018264840182649 0.1529680365296804
0 0.21278538812785389 0.14840182648401826 0.031050228310502276 0.10502283105022832
0 0.25707762557077624 0.17237442922374427 0.019178082191780844 0.09360730593607305
0 0.2767123287671233 0.17237442922374427 0.025570776255707736 0.09360730593607305
0 0.2406392694063927 0.2328767123287671 0.015525114155251138 0.07762557077625573
0 0.24566210045662096 0.3070776255707762 0.0237442922374429 0.11187214611872145
0 0.37762557077625575 0.2579908675799087 0.013698630136986339 0.05479452054794521
0 0.35662100456621004 0.2614155251141552 0.010045662100456668 0.07077625570776255
0 0.4054794520547945 0.2819634703196347 0.009132420091324178 0.047945205479452045
0 0.23789954337899544 0.4292237442922374 0.033789954337899566 0.07762557077625573
0 0.20136986301369864 0.2671232876712329 0.028310502283105023 0.11415525114155259
0 0.1684931506849315 0.2968036529680365 0.031963470319634694 0.06849315068493148
0 0.16529680365296806 0.18949771689497716 0.03835616438356165 0.09132420091324199
0 0.27990867579908674 0.5547945205479452 0.024657534246575352 0.0867579908675799
0 0.2223744292237443 0.5296803652968036 0.028310502283105023 0.10958904109589042
0 0.24383561643835616 0.5182648401826484 0.02557077625570777 0.10502283105022833
