0 0.3858447488584475 0.9417808219178082 0.03926940639269404 0.11643835616438353
0 0.4479452054794521 0.8812785388127854 0.06849315068493148 0.15981735159817362
0 0.534703196347032 0.8401826484018264 0.07762557077625566 0.13698630136986295
0 0.6470319634703197 0.9098173515981736 0.06849315068493148 0.16210045662100456
0 0.9442922374429223 0.8378995433789953 0.07853881278538807 0.11415525114155244
0 0.8698630136986302 0.83675799086758 0.03926940639269404 0.10730593607305934
0 0.7264840182648402 0.9554794520547945 0.04474885844748854 0.08904109589041098
0 0.726027397260274 0.8253424657534246 0.040182648401826386 0.10730593607305934
0 0.7680365296803652 0.7968036529680366 0.0438356164383562 0.11415525114155259
0 0.08721461187214612 0.9406392694063928 0.0684931506849315 0.1187214611872146
0 0.03744292237442923 0.7842465753424658 0.03652968036529681 0.21689497716894976
0 0.08630136986301369 0.7157534246575343 0.04109589041095891 0.16210045662100456
0 0.06301369863013699 0.4840182648401827 0.03287671232876712 0.19178082191780826
0 0.06712328767123288 0.2557077625570776 0.061187214611872154 0.16894977168949776
0 0.11278538812785388 0.23858447488584475 0.03013698630136986 0.16210045662100456
0 0.16164383561643839 0.12100456621004564 0.043835616438356165 0.0867579908675799
0 0.17031963470319636 0.23173515981735157 0.02648401826484019 0.10273972602739725
0 0.2077625570776256 0.2728310502283105 0.02100456621004568 0.08904109589041098
0 0.23561643835616436 0.3013698630136986 0.012785388127853885 0.06849315068493148
0 0.24337899543378996 0.24200913242009134 0.013698630136986302 0.07762557077625573
0 0.2415525114155251 0.15753424657534246 0.021004566210045646 0.0730593607305936
0 0.26757990867579906 0.16894977168949774 0.016438356164383557 0.06849315068493152
0 0.26712328767123283 0.3253424657534246 0.01735159817351601 0.06621004566210047
0 0.29086757990867584 0.2876712328767123 0.013698630136986302 0.05936073059360734
0 0.23789954337899544 0.4292237442922374 0.028310502283105058 0.07762557077625573
0 0.2726027397260274 0.4474885844748859 0.019178082191780844 0.09132420091324199
0 0.32968036529680367 0.21118721461187215 0.0237442922374429 0.06164383561643838
0 0.3547945205479452 0.2591324200913242 0.008219178082191832 0.052511415525114166
0 0.3689497716894977 0.25114155251141557 0.009132420091324178 0.04109589041095891
0 0.3073059360730594 0.3938356164383562 0.019178082191780844 0.07990867579908677
0 0.32465753424657534 0.3367579908675799 0.011872146118721432 0.0707762557077626
0 0.2817351598173516 0.547945205479452 0.030136986301369822 0.05479452054794521
0 0.01232876712328767 0.5559360730593608 0.02465753424657534 0.08904109589041091
0 0.1223744292237443 0.5662100456621004 0.031050228310502276 0.09132420091324199
0 0.16986301369863013 0.47146118721461183 0.03835616438356164 0.12557077625570784
0 0.21004566210045664 0.6415525114155252 0.023744292237442934 0.15525114155251146
0 0.38219178082191774 0.8105022831050229 0.048401826484018286 0.1187214611872146
0 0.41780821917808225 0.75 0.037442922374429276 0.10730593607305934
0 0.23470319634703196 0.8310502283105023 0.034703196347031985 0.09589041095890409
0 0.26164383561643834 0.7728310502283106 0.03926940639269404 0.06164383561643831
0 0.2228310502283105 0.5296803652968036 0.029223744292237407 0.11872146118721467
0 0.2506849315068493 0.48630136986301375 0.024657534246575352 0.1050228310502284
0 0.9776255707762556 0.4634703196347032 0.03561643835616437 0.06392694063926939
0 0.9789954337899544 0.3584474885844749 0.04200913242009136 0.09132420091324203
0 0.839269406392694 0.3812785388127854 0.051141552511415396 0.08219178082191775
0 0.7438356164383562 0.5878995433789954 0.02831050228310488 0.0525114155251142
0 0.6680365296803653 0.5582191780821918 0.02831050228310488 0.0342465753424657
