0 0.14337899543378996 0.5125570776255708 0.02922374429223746 0.1392694063926941
0 0.17945205479452056 0.4474885844748859 0.028310502283105058 0.11415525114155259
0 0.23242009132420094 0.4075342465753424 0.035616438356164404 0.09360730593607308
0 0.1132420091324201 0.3436073059360731 0.0365296803652968 0.0799086757990867
0 0.14520547945205478 0.2671232876712329 0.03835616438356162 0.11872146118721463
0 0.0908675799086758 0.1461187214611872 0.04840182648401826 0.1506849315068493
0 0.05890410958904109 0.2796803652968036 0.0502283105022831 0.14840182648401828
0 0.058904109589041104 0.45662100456621 0.0447488584474886 0.15525114155251146
0 0.11141552511415526 0.5947488584474886 0.029223744292237442 0.1164383561643836
0 0.08538812785388128 0.70662100456621 0.03926940639269406 0.12557077625570784
0 0.03744292237442923 0.7648401826484019 0.06392694063926942 0.2009132420091325
0 0.19771689497716893 0.904109589041096 0.037442922374429234 0.11415525114155259
0 0.22557077625570776 0.821917808219178 0.049315068493150704 0.10502283105022812
0 0.38767123287671235 0.8413242009132421 0.041095890410958874 0.1666666666666667
0 0.41826484018264837 0.7648401826484019 0.029223744292237442 0.09132420091324192
0 0.4611872146118721 0.8630136986301369 0.04200913242009136 0.15981735159817348
0 0.5680365296803651 0.8139269406392696 0.07853881278538857 0.1118721461187215
0 0.6493150684931507 0.8105022831050229 0.06575342465753416 0.1187214611872146
0 0.6799086757990868 0.9486301369863014 0.07031963470319624 0.10273972602739719
0 0.9315068493150684 0.8778538812785388 0.09315068493150676 0.13013698630136986
0 0.7753424657534247 0.8938356164383562 0.07853881278538807 0.11643835616438367
0 0.8123287671232876 0.7374429223744292 0.03744292237442906 0.12785388127853878
0 0.8625570776255708 0.7785388127853881 0.04474885844748869 0.1689497716894978
0 0.9698630136986301 0.4668949771689498 0.06027397260273972 0.09817351598173517
0 0.27899543378995434 0.5536529680365296 0.024657534246575352 0.093607305936073
0 0.2662100456621005 0.476027397260274 0.019178082191780844 0.10273972602739719
0 0.2406392694063927 0.5159817351598174 0.022831050228310515 0.10958904109589042
0 0.2228310502283105 0.5388127853881278 0.027397260273972605 0.10958904109589035
0 0.14018264840182648 0.09474885844748858 0.042922374429223746 0.10273972602739725
0 0.012328767123287671 0.5331050228310502 0.024657534246575342 0.12100456621004561
0 0.16438356164383564 0.7591324200913243 0.034703196347031985 0.09817351598173517
0 0.12876712328767123 0.9429223744292239 0.0584474885844749 0.10958904109589028
0 0.052054794520547946 0.9440639269406392 0.06210045662100457 0.11187214611872136
