0 0.36347031963470317 0.8972602739726028 0.04383561643835612 0.15981735159817348
0 0.3908675799086758 0.8641552511415526 0.04200913242009136 0.13926940639269403
0 0.43515981735159814 0.7682648401826484 0.0593607305936073 0.1118721461187215
0 0.463013698630137 0.8664383561643837 0.049315068493150704 0.17123287671232873
0 0.4771689497716895 0.7180365296803654 0.041095890410958874 0.14840182648401823
0 0.5785388127853881 0.8264840182648402 0.05570776255707763 0.12785388127853878
0 0.6232876712328766 0.8721461187214612 0.07031963470319638 0.19178082191780832
0 0.13333333333333333 0.47146118721461183 0.04018264840182649 0.15296803652968038
0 0.08995433789954337 0.2888127853881278 0.05205479452054794 0.13470319634703196
0 0.06164383561643835 0.4805936073059361 0.0502283105022831 0.19406392694063931
0 0.01643835616438356 0.36529680365296807 0.029223744292237442 0.18721461187214616
0 0.08401826484018265 0.07191780821917809 0.04566210045662101 0.14383561643835618
0 0.025570776255707764 0.09474885844748858 0.05114155251141553 0.16210045662100456
0 0.15479452054794518 0.14383561643835616 0.037442922374429234 0.1415525114155251
0 0.1908675799086758 0.10730593607305935 0.03652968036529682 0.12328767123287672
0 0.20593607305936076 0.22945205479452052 0.044748858447488576 0.07077625570776255
0 0.19315068493150686 0.3162100456621005 0.04474885844748854 0.1164383561643836
0 0.14383561643835618 0.2614155251141553 0.0374429223744292 0.14383561643835618
0 0.007762557077625569 0.5616438356164383 0.015525114155251138 0.15525114155251138
0 0.03835616438356164 0.7602739726027398 0.04748858447488583 0.17808219178082196
0 0.0867579908675799 0.7031963470319635 0.02922374429223743 0.1689497716894978
0 0.12054794520547947 0.7374429223744292 0.0365296803652968 0.187214611872146
0 0.17442922374429223 0.4554794520547945 0.04200913242009133 0.11187214611872143
0 0.254337899543379 0.1906392694063927 0.017351598173515975 0.08447488584474887
0 0.2817351598173516 0.2226027397260274 0.033789954337899566 0.10273972602739725
0 0.3164383561643836 0.2146118721461187 0.017351598173516045 0.09589041095890416
0 0.29223744292237436 0.3481735159817352 0.01826484018264839 0.12100456621004564
0 0.2780821917808219 0.4349315068493151 0.01917808219178081 0.10730593607305934
0 0.8698630136986302 0.8698630136986302 0.09041095890410958 0.13242009132420093
0 0.7721461187214612 0.8972602739726028 0.08493150684931507 0.16438356164383564
0 0.9557077625570776 0.47602739726027393 0.048401826484018355 0.10273972602739725
0 0.865296803652968 0.271689497716895 0.0374429223744292 0.09132420091324206
0 0.8337899543378995 0.386986301369863 0.049315068493150704 0.08904109589041098
0 0.20182648401826483 0.9200913242009133 0.06575342465753423 0.1050228310502284
0 0.06712328767123286 0.9417808219178082 0.052054794520547946 0.11643835616438353
