0 0.5863013698630136 0.8618721461187215 0.10045662100456618 0.13013698630136986
0 0.4689497716894978 0.884703196347032 0.0648401826484018 0.17123287671232873
0 0.49132420091324197 0.771689497716895 0.049315068493150704 0.14155251141552527
0 0.43789954337899545 0.7522831050228311 0.05022831050228312 0.13926940639269403
0 0.37625570776255707 0.9223744292237442 0.08584474885844756 0.1506849315068493
0 0.13059360730593605 0.46232876712328774 0.034703196347031964 0.12557077625570778
0 0.18082191780821916 0.4497716894977169 0.04018264840182649 0.11415525114155259
0 0.18812785388127853 0.3264840182648402 0.03470319634703195 0.1141552511415525
0 0.20684931506849316 0.26369863013698625 0.035616438356164404 0.11187214611872147
0 0.25205479452054796 0.16552511415525115 0.027397260273972643 0.06621004566210047
0 0.25296803652968036 0.24315068493150682 0.01826484018264839 0.05251141552511413
0 0.2785388127853881 0.24315068493150682 0.01826484018264843 0.09360730593607311
0 0.18493150684931506 0.1095890410958904 0.04109589041095891 0.1324200913242009
0 0.13242009132420093 0.08904109589041095 0.04200913242009134 0.09132420091324199
0 0.14383561643835616 0.19292237442922372 0.042922374429223725 0.11643835616438356
0 0.02009132420091324 0.061643835616438346 0.04018264840182648 0.12328767123287669
0 0.08995433789954337 0.2922374429223744 0.039269406392694065 0.1187214611872146
0 0.1319634703196347 0.3036529680365297 0.03013698630136986 0.1004566210045662
0 0.058447488584474884 0.46917808219178087 0.052968036529680365 0.18949771689497716
0 0.013242009132420095 0.5970319634703194 0.02648401826484019 0.2260273972602739
0 0.12283105022831045 0.7328767123287662 0.03561643835616445 0.1324200913242025
0 0.08949771689497715 0.7020547945205479 0.038356164383561646 0.16666666666666657
0 0.04611872146118721 0.7522831050228311 0.044748858447488576 0.19406392694063926
0 0.29178082191780824 0.3367579908675799 0.02283105022831048 0.09817351598173517
0 0.7593607305936074 0.906392694063927 0.06484018264840188 0.17808219178082196
0 0.8497716894977168 0.86986301369863 0.07945205479452042 0.11415525114155259
0 0.9511415525114159 0.8675799086757988 0.09771689497716837 0.12328767123287747
0 0.6077625570776256 0.7157534246575342 0.06666666666666657 0.08447488584474883
0 0.2452054794520548 0.7945205479452055 0.06301369863013698 0.1369863013698631
0 0.18995433789954336 0.9292237442922374 0.06940639269406391 0.1095890410958904
0 0.054337899543379 0.954337899543379 0.06666666666666667 0.09132420091324206
0 0.23196347031963468 0.410958904109589 0.031050228310502276 0.10502283105022833
0 0.5397260273972603 0.7260273972602738 0.06575342465753423 0.1187214611872146
0 0.710502283105023 0.8333333333333335 0.05479452054794521 0.12785388127853878
0 0.3360730593607306 0.7591324200913242 0.04200913242009136 0.12100456621004554
0 0.8132420091324201 0.6038812785388127 0.07214611872146122 0.08447488584474876
0 0.4073059360730593 0.678082191780822 0.0748858447488584 0.08219178082191782
0 0.31506849315068497 0.415525114155251 0.027397260273972605 0.0593607305936073
0 0.31917808219178084 0.2226027397260274 0.024657534246575352 0.07534246575342465
0 0.3552511415525115 0.2591324200913242 0.023744292237442934 0.05707762557077625
0 0.3812785388127854 0.27397260273972607 0.013698630136986268 0.05936073059360734
0 0.3958904109589041 0.273972602739726 0.010045662100456597 0.045662100456620995
0 0.41689497716894974 0.2990867579908676 0.008219178082191832 0.04109589041095891
0 0.29178082191780824 0.5194063926940639 0.02283105022831048 0.07990867579908688
