0 0.5949771689497717 0.867579908675799 0.09041095890410951 0.12328767123287676
0 0.4789954337899543 0.8618721461187215 0.048401826484018286 0.12100456621004568
0 0.4858447488584476 0.7545662100456622 0.049315068493150774 0.093607305936073
0 0.4237442922374429 0.9052511415525114 0.058447488584474884 0.13926940639269403
0 0.35570776255707753 0.9474885844748857 0.0648401826484018 0.1050228310502284
0 0.3821917808219178 0.7945205479452055 0.05570776255707756 0.11872146118721474
0 0.42876712328767125 0.7682648401826484 0.04474885844748862 0.09360730593607315
0 0.1406392694063927 0.1917808219178082 0.05296803652968036 0.1004566210045662
0 0.16712328767123288 0.11073059360730593 0.04748858447488587 0.09360730593607305
0 0.09360730593607305 0.08105022831050228 0.0593607305936073 0.09817351598173514
0 0.08767123287671233 0.2842465753424658 0.058447488584474884 0.10730593607305938
0 0.058447488584474884 0.4828767123287671 0.05296803652968036 0.17579908675799094
0 0.08264840182648403 0.6894977168949772 0.030136986301369868 0.1461187214611872
0 0.12146118721461187 0.7305936073059361 0.03835616438356162 0.15525114155251146
0 0.049315068493150684 0.7751141552511416 0.043835616438356165 0.20319634703196343
0 0.007762557077625569 0.5993150684931507 0.015525114155251138 0.16666666666666663
0 0.21826484018264844 0.2659817351598172 0.027397260273972573 0.09817351598173513
0 0.18949771689497716 0.3184931506849315 0.02648401826484015 0.09817351598173517
0 0.13972602739726026 0.4657534246575342 0.03287671232876713 0.1461187214611872
0 0.17990867579908673 0.47146118721461183 0.03652968036529682 0.13013698630136986
0 0.18493150684931506 0.5764840182648402 0.04292237442922371 0.1118721461187215
0 0.6990867579908675 0.7579908675799086 0.0557077625570777 0.08219178082191789
0 0.9168949771689497 0.9212328767123288 0.08401826484018272 0.10273972602739732
0 0.9858447488584474 0.8538812785388129 0.028310502283105023 0.12785388127853892
0 0.7853881278538813 0.8812785388127855 0.06575342465753437 0.1689497716894978
0 0.7141552511415524 0.904109589041096 0.06392694063926939 0.19178082191780818
0 0.5972602739726027 0.7226027397260275 0.08401826484018259 0.08904109589041098
0 0.2872146118721461 0.3424657534246575 0.02648401826484015 0.09132420091324203
0 0.2351598173515982 0.1643835616438356 0.028310502283105058 0.09132420091324199
0 0.3251141552511416 0.2294520547945206 0.023744292237442934 0.06621004566210044
0 0.35114155251141554 0.2374429223744292 0.01735159817351601 0.06849315068493152
0 0.3242009132420091 0.3276255707762557 0.018264840182648356 0.07077625570776255
0 0.3109589041095891 0.45890410958904115 0.013698630136986302 0.09132420091324206
0 0.28584474885844746 0.7157534246575343 0.031050228310502314 0.10273972602739732
0 0.23196347031963468 0.40981735159817345 0.029223744292237442 0.09360730593607308
0 0.2438356164383562 0.58675799086758 0.04200913242009133 0.0684931506849314
0 0.8803652968036529 0.845890410958904 0.07853881278538807 0.08447488584474883
0 0.3799086757990867 0.2602739726027397 0.016438356164383522 0.06392694063926939
0 0.3963470319634703 0.2762557077625571 0.014611872146118685 0.041095890410958874
0 0.2726027397260274 0.1860730593607306 0.026484018264840224 0.06621004566210047
0 0.3420091324200911 0.4235159817351597 0.01917808219178091 0.06164383561643858
0 0.2406392694063927 0.7739726027397259 0.04840182648401825 0.13698630136986295
0 0.18310502283105023 0.9440639269406392 0.06666666666666668 0.11187214611872136
0 0.11232876712328768 0.932648401826484 0.06210045662100455 0.1255707762557077
0 0.2616438356164384 0.4748858447488588 0.06666666666666672 0.14155251141552588
0 0.8406392694063928 0.6655251141552512 0.07031963470319638 0.07990867579908667
