0 0.30639269406392694 0.8789954337899544 0.09954337899543375 0.10958904109589042
0 0.37716894977168947 0.800228310502283 0.0438356164383562 0.13926940639269417
0 0.05799086757990867 0.4657534246575343 0.04840182648401825 0.1689497716894978
0 0.08995433789954337 0.295662100456621 0.04840182648401827 0.12557077625570778
0 0.14703196347031963 0.19292237442922375 0.05296803652968036 0.12100456621004568
0 0.1899543378995434 0.12899543378995432 0.045662100456620995 0.12100456621004564
0 0.21187214611872146 0.2054794520547945 0.04200913242009129 0.09132420091324199
0 0.1936073059360731 0.3105022831050228 0.031050228310502314 0.10045662100456618
0 0.24885844748858446 0.2968036529680365 0.033789954337899566 0.09132420091324203
0 0.13698630136986303 0.4657534246575342 0.034703196347031964 0.1735159817351599
0 0.18310502283105023 0.46004566210045666 0.041095890410958874 0.12100456621004561
0 0.2365296803652968 0.4029680365296804 0.027397260273972605 0.09360730593607308
0 0.08401826484018265 0.07420091324200913 0.07305936073059362 0.11643835616438356
0 0.2767123287671233 0.19748858447488582 0.025570776255707736 0.06621004566210047
0 0.30639269406392694 0.2009132420091324 0.022831050228310553 0.07762557077625569
0 0.289041095890411 0.2773972602739726 0.030136986301369895 0.06164383561643838
0 0.3479452054794521 0.24086757990867583 0.023744292237442934 0.052511415525114166
0 0.308675799086758 0.295662100456621 0.02191780821917806 0.05707762557077622
0 0.29178082191780824 0.4349315068493151 0.024657534246575352 0.10273972602739732
0 0.11780821917808221 0.7203196347031963 0.031050228310502276 0.14840182648401837
0 0.08630136986301369 0.6940639269406392 0.028310502283105013 0.15981735159817348
0 0.04429223744292237 0.7773972602739727 0.05205479452054794 0.22602739726027393
0 0.5182648401826483 0.910958904109589 0.08310502283105023 0.17808219178082196
0 0.4876712328767123 0.7477168949771689 0.05479452054794521 0.10730593607305934
0 0.608675799086758 0.8698630136986302 0.07397260273972613 0.14155251141552497
0 0.7068493150684932 0.839041095890411 0.0694063926940639 0.15296803652968038
0 0.6470319634703197 0.8207762557077626 0.04474885844748854 0.13926940639269403
0 0.9178082191780821 0.8447488584474886 0.09315068493150676 0.14155251141552497
0 0.29086757990867584 0.7294520547945206 0.04840182648401825 0.134703196347032
0 0.2242009132420091 0.7796803652968037 0.053881278538812756 0.13926940639269403
0 0.15159817351598173 0.934931506849315 0.062100456621004566 0.13013698630136986
0 0.012785388127853892 0.5924657534246577 0.025570776255707785 0.18036529680365296
0 0.2461187214611872 0.5764840182648402 0.033789954337899566 0.0662100456621004
0 0.4082191780821918 0.6860730593607306 0.04383561643835612 0.11643835616438367
0 0.8123287671232876 0.8413242009132421 0.08493150684931507 0.15296803652968038
0 0.5757990867579909 0.795662100456621 0.07031963470319638 0.08904109589041084
