0 0.5237030411449015 0.9215116279069767 0.060822898032200284 0.14534883720930225
0 0.6077817531305902 0.8521914132379248 0.060822898032200354 0.12745974955277276
0 0.6601073345259391 0.8354203935599284 0.03130590339892649 0.11180679785330952
0 0.7088550983899822 0.8354203935599284 0.04472271914132378 0.1252236135957068
0 0.7830948121645795 0.8298300536672629 0.07155635062611808 0.10957066189624327
0 0.38506261180679774 0.8175313059033988 0.059033989266547376 0.16547406082289812
0 0.25089445438282637 0.5749105545617172 0.03577817531305904 0.09615384615384613
0 0.2048300536672629 0.2070661896243291 0.04203935599284435 0.07155635062611808
0 0.1802325581395348 0.13439177101967792 0.041144901610017895 0.07826475849731665
0 0.14669051878354195 0.18805903398926646 0.05635062611806799 0.1006261180679785
0 0.03846153846153836 0.08855098389982104 0.07066189624329158 0.12075134168157423
0 0.0670840787119856 0.2584973166368515 0.058139534883720936 0.12969588550983904
0 0.1104651162790696 0.40720035778175273 0.03935599284436507 0.11404293381037672
0 0.14087656529516984 0.45304114490160996 0.02862254025044722 0.16100178890876557
0 0.12343470483005356 0.712432915921288 0.04203935599284435 0.13864042933810367
0 0.0836314847942754 0.6811270125223614 0.028622540250447227 0.17889087656529512
0 0.059481216457960534 0.4709302325581395 0.04114490161001788 0.16994633273703053
0 0.2491055456171734 0.3144007155635062 0.03756708407871198 0.0760286225402504
0 0.2768336314847942 0.20035778175313051 0.019677996422182497 0.06708407871198567
0 0.2844364937388192 0.2696779964221824 0.024150268336314902 0.04919499105545611
0 0.31305903398926643 0.2808586762075133 0.022361359570661855 0.06261180679785333
0 0.3126118067978533 0.37477638640429334 0.01788908765652948 0.06261180679785326
0 0.32289803220035773 0.45192307692307687 0.01878354203935601 0.05143112701252235
0 0.32200357781753125 0.5201252236135957 0.020572450805008982 0.04919499105545626
0 0.2334525939177101 0.4016100178890876 0.027728085867620714 0.07155635062611808
0 0.19141323792486575 0.31328264758497304 0.029516994633273726 0.09168157423971376
0 0.18559928443649362 0.4642218246869409 0.0339892665474061 0.08050089445438288
0 0.34749552772808573 0.2327817531305903 0.021466905187835367 0.055903398926654795
0 0.03890876565295161 0.771690518783542 0.04472271914132381 0.1945438282647585
0 0.015652951699463225 0.5894454382826475 0.030411449016100177 0.11180679785330952
0 0.481216457960644 0.8287119856887298 0.04740608228980328 0.10733452593917718
0 0.4771914132379248 0.7448568872987477 0.04472271914132378 0.08720930232558147
0 0.5500894454382826 0.8063506261180678 0.06529516994633276 0.08944543828264756
0 0.6171735241502683 0.7761627906976742 0.07781753130590346 0.08273703041144899
0 0.9110017889087655 0.8119409660107334 0.07155635062611808 0.11404293381037575
0 0.8474955277280857 0.6632379248658316 0.048300536672629735 0.06708407871198567
0 0.13774597495527718 0.9192754919499105 0.07066189624329161 0.11851520572450809
0 0.05277280858676198 0.9315742397137747 0.07602862254025046 0.10733452593917718
0 0.5876565295169945 0.712432915921288 0.043828264758497326 0.06261180679785326
0 0.6547406082289803 0.7101967799642219 0.04919499105545619 0.0626118067978534
0 0.6981216457960645 0.6218694096601073 0.03398926654740606 0.06484794275491958
0 0.622540250447227 0.5995080500894453 0.038461538461538394 0.051431127012522365
0 0.43112701252236135 0.6867173524150268 0.05635062611806795 0.06037567084078702
0 0.3457066189624328 0.5927996422182469 0.032200357781753085 0.05143112701252242
