0 0.383720930232558 0.8074686940966009 0.07781753130590338 0.10509838998211095
0 0.48389982110912333 0.8130590339892665 0.03130590339892663 0.10733452593917718
0 0.5483005366726296 0.8208855098389981 0.04025044722719137 0.10509838998211095
0 0.46466905187835406 0.9338103756708407 0.050089445438282636 0.10733452593917718
0 0.1381932021466904 0.1813506261180679 0.050089445438282636 0.10062611806797854
0 0.17978533094812157 0.12656529516994625 0.03667262969588553 0.08944543828264759
0 0.05948121645796054 0.4552772808586761 0.0518783542039356 0.14758497316636857
0 0.0353309481216457 0.595035778175313 0.050089445438282656 0.1274597495527727
0 0.08452593917710187 0.6923076923076923 0.026833631484794295 0.1252236135957066
0 0.11583184257602853 0.7101967799642217 0.025044722719141356 0.13864042933810367
0 0.23076923076923067 0.854427549194991 0.06887298747763865 0.1274597495527729
0 0.04293381037567074 0.7761627906976745 0.040250447227191406 0.15876565295169953
0 0.19499105545617165 0.22271914132379245 0.034883720930232585 0.0626118067978533
0 0.191860465116279 0.32110912343470477 0.03220035778175312 0.08497316636851522
0 0.11493738819320204 0.3893112701252236 0.0250447227191413 0.10062611806797861
0 0.13729874776386397 0.4664579606440071 0.037567084078711996 0.13416815742397134
0 0.18202146690518772 0.44633273703041143 0.028622540250447203 0.08944543828264756
0 0.23166368515205715 0.40943649373881924 0.020572450805008913 0.10062611806797854
0 0.24642218246869402 0.3043381037567084 0.032200357781753154 0.07826475849731668
0 0.2473166368515205 0.5760286225402503 0.03756708407871202 0.07155635062611808
0 0.34168157423971374 0.22607334525939174 0.01878354203935601 0.0693202146690519
0 0.31305903398926643 0.23725402504472265 0.02057245080500902 0.07826475849731661
0 0.28756708407871195 0.2663237924865831 0.025044722719141356 0.06037567084078709
0 0.3041144901610018 0.32669946332737027 0.025939177101967772 0.09168157423971376
0 0.8680679785330949 0.8443649373881931 0.05187835420393569 0.13416815742397148
0 0.7790697674418604 0.8398926654740609 0.06887298747763865 0.116279069767442
0 0.6914132379248658 0.8700805008944544 0.04740608228980335 0.10062611806797847
0 0.7160107334525938 0.8443649373881931 0.050089445438282636 0.13416815742397134
0 0.6127012522361359 0.8555456171735242 0.06350626118067992 0.13864042933810367
0 0.6198568872987478 0.7929338103756709 0.0402504472271913 0.10733452593917704
0 0.699463327370304 0.7627459749552773 0.05635062611806802 0.07379248658318445
0 0.3993738819320214 0.664355992844365 0.05366726296958859 0.0693202146690519
0 0.32200357781753125 0.45863148479427546 0.020572450805008982 0.06484794275491951
