0 0.03041144901610008 0.5972719141323792 0.05456171735241502 0.10062611806797854
0 0.06037567084078703 0.4552772808586761 0.041144901610017895 0.18783542039356
0 0.11627906976744176 0.7213774597495527 0.03130590339892663 0.11180679785330952
0 0.05277280858676198 0.7672182468694095 0.04561717352415028 0.15876565295169953
0 0.05813953488372082 0.9226296958855099 0.06887298747763863 0.12075134168157418
0 0.09257602862254016 0.30098389982110907 0.039355992844364966 0.12969588550983904
0 0.11806797853309473 0.39266547406082275 0.02772808586762075 0.1341681574239714
0 0.13550983899821098 0.45863148479427546 0.03577817531305904 0.11851520572450804
0 0.16949910554561712 0.5648479427549192 0.03935599284436495 0.10286225402504477
0 0.14713774597495516 0.1869409660107334 0.04651162790697672 0.12969588550983902
0 0.173076923076923 0.11650268336314841 0.03935599284436495 0.08273703041144906
0 0.22271914132379236 0.14892665474060815 0.031305903398926666 0.07155635062611804
0 0.20348837209302317 0.2093023255813953 0.04114490161001793 0.06708407871198567
0 0.18425760286225393 0.3132826475849731 0.03309481216457961 0.08720930232558143
0 0.2061717352415026 0.3423524150268335 0.030411449016100142 0.08720930232558138
0 0.17620751341681565 0.45080500894454373 0.029516994633273726 0.1028622540250447
0 0.2942754919499105 0.20259391771019672 0.018783542039356078 0.07155635062611804
0 0.3228980322003576 0.2327817531305903 0.009838998211091266 0.046958855098389984
0 0.34033989266547393 0.22719141323792477 0.014311270125223673 0.04919499105545622
0 0.46019677996422176 0.9143559928443648 0.050089445438282636 0.1220930232558139
0 0.5263864042933811 0.8756708407871195 0.04472271914132385 0.14311270125223616
0 0.5970483005366725 0.8533094812164577 0.06440071556350638 0.12969588550983885
0 0.7276386404293379 0.8611359570661896 0.08050089445438274 0.14982110912343471
0 0.8117173524150268 0.8644901610017888 0.057245080500894545 0.12075134168157418
0 0.9163685152057245 0.9047406082289803 0.060822898032200215 0.13864042933810367
0 0.915474060822898 0.7940518783542038 0.057245080500894545 0.07826475849731665
0 0.7848837209302324 0.7728085867620749 0.08050089445438288 0.08050089445438288
0 0.6587656529516994 0.8354203935599284 0.05545617173524157 0.13416815742397134
0 0.6319320214669051 0.747093023255814 0.03935599284436506 0.10509838998211109
0 0.22450805008944535 0.8879695885509838 0.05098389982110909 0.14982110912343471
0 0.3537567084078711 0.880143112701252 0.050089445438282636 0.1431127012522363
0 0.2898032200357781 0.3345259391771019 0.02236135957066189 0.07602862254025052
0 0.3041144901610017 0.32110912343470477 0.016994633273703066 0.08050089445438281
0 0.24418604651162784 0.30098389982110907 0.038461538461538464 0.058139534883720964
0 0.2862254025044722 0.7202593917710196 0.03488372093023262 0.11404293381037575
0 0.21869409660107325 0.4877012522361359 0.030411449016100177 0.09615384615384613
0 0.17039355992844357 0.760509838998211 0.041144901610017916 0.08273703041144899
0 0.35465116279069764 0.3457066189624329 0.010733452593917718 0.0626118067978534
0 0.34168157423971374 0.41279069767441856 0.013416815742397148 0.06261180679785333
0 0.37567084078711976 0.2461985688729874 0.015205724508050054 0.05590339892665476
0 0.5313059033989266 0.2730322003577817 0.01878354203935601 0.05143112701252232
0 0.4449910554561717 0.7918157423971377 0.08228980322003586 0.07826475849731665
0 0.4816636851520572 0.7146690518783541 0.04651162790697683 0.06261180679785326
0 0.5567978533094812 0.771690518783542 0.05187835420393561 0.07379248658318417
0 0.5898926654740607 0.7135509838998211 0.04293381037567094 0.06484794275491935
0 0.7893559928443651 0.7292039355992844 0.08228980322003579 0.06484794275491951
0 0.8676207513416816 0.7079606440071555 0.06350626118067978 0.0894454382826477
0 0.9512522361359569 0.6643559928443648 0.07155635062611808 0.10509838998211095
0 0.25670840787119853 0.47428443649373875 0.027728085867620714 0.07826475849731665
0 0.3246869409660107 0.45527728085867614 0.018783542039356078 0.04919499105545626
0 0.32200357781753125 0.5313059033989266 0.020572450805008982 0.07155635062611808
