0 0.7044019933554818 0.7799003322259133 0.08222591362126237 0.11461794019933641
0 0.8528654485049834 0.8754152823920265 0.15988372093023245 0.1893687707641196
0 0.8213455149501661 0.6960132890365449 0.10232558139534888 0.11627906976744193
0 0.4741694352159469 0.8629568106312291 0.10963455149501669 0.09468438538205973
0 0.44493355481727576 0.7699335548172758 0.07674418604651159 0.1212624584717608
0 0.3316445182724253 0.7541528239202657 0.11511627906976746 0.12956810631229232
0 0.300124584717608 0.5797342192691031 0.07583056478405314 0.1196013289036545
0 0.39605481727574754 0.5598006644518273 0.083139534883721 0.10631229235880403
0 0.9314368770764121 0.6602990033222592 0.10872093023255815 0.09136212624584722
0 0.8688538205980066 0.5897009966777409 0.0895348837209302 0.05980066445182729
0 0.5490863787375416 0.9252491694352158 0.08222591362126253 0.1495016611295681
0 0.6674003322259137 0.9302325581395349 0.10323920265780735 0.1395348837209302
0 0.1950581395348837 0.7533222591362128 0.053903654485049836 0.11129568106312306
0 0.13064784053156145 0.6835548172757475 0.0676079734219269 0.09136212624584722
0 0.5161960132890365 0.4817275747508306 0.04933554817275748 0.06644518272425252
0 0.30240863787375416 0.4543189368770764 0.0475083056478405 0.05481727574750834
