0 0.8578903654485049 0.8878737541528239 0.20465116279069762 0.17774086378737536
0 0.704858803986711 0.7757475083056478 0.08679401993355483 0.1362126245847176
0 0.6632890365448506 0.9260797342192691 0.1187707641196014 0.137873754152824
0 0.5591362126245847 0.9260797342192691 0.0749169435215947 0.13122923588039867
0 0.4828488372093024 0.8538205980066444 0.13064784053156153 0.10963455149501669
0 0.42392026578073083 0.7450166112956811 0.08588039867109636 0.10132890365448503
0 0.3202242524916944 0.7566445182724252 0.12516611295681063 0.13455149501661126
0 0.2969269102990033 0.5764119601328903 0.07674418604651162 0.09302325581395358
0 0.3124584717607974 0.4933554817275747 0.05116279069767437 0.05647840531561463
0 0.4074750830564784 0.5514950166112956 0.09136212624584722 0.0830564784053157
0 0.6386212624584718 0.6411960132890365 0.11511627906976742 0.12292358803986708
0 0.8629152823920266 0.6395348837209301 0.09775747508305642 0.06976744186046517
0 0.8272840531561463 0.7009966777408637 0.1105481727574751 0.04651162790697669
0 0.8387043189368771 0.766611295681063 0.11511627906976742 0.06478405315614609
0 0.5171096345514951 0.473421926910299 0.05847176079734226 0.06976744186046517
0 0.9419435215946844 0.40780730897009965 0.04019933554817271 0.1146179401993355
0 0.162624584717608 0.6843853820598008 0.05299003322259134 0.11627906976744186
0 0.039285714285714285 0.6328903654485049 0.07857142857142857 0.11627906976744179
0 0.1425249169435216 0.9227574750830564 0.10963455149501661 0.15448504983388703
0 0.21561461794019934 0.5008305647840531 0.04202657807308967 0.10465116279069768
