0 0.6299418604651162 0.627906976744186 0.07400332225913615 0.05315614617940192
0 0.648671096345515 0.6752491694352158 0.08953488372093027 0.0813953488372092
0 0.7057724252491694 0.771594684385382 0.08131229235880397 0.11129568106312292
0 0.6619186046511628 0.9219269102990033 0.10872093023255822 0.1362126245847176
0 0.8492109634551493 0.8745847176079735 0.17450166112956808 0.18438538205980065
0 0.8802740863787375 0.7084717607973423 0.08131229235880412 0.10465116279069761
0 0.8131229235880398 0.6968438538205979 0.08039867109634542 0.07807308970099669
0 0.8592607973421929 0.6403654485049833 0.09775747508305656 0.07142857142857131
0 0.8633720930232559 0.5822259136212624 0.08039867109634542 0.06478405315614623
0 0.7322674418604652 0.5456810631229235 0.07400332225913615 0.08139534883720934
0 0.5171096345514951 0.47176079734219273 0.04933554817275756 0.06644518272425252
0 0.4143272425249169 0.5556478405315615 0.09044850498338874 0.07142857142857138
0 0.2937292358803987 0.5863787375415282 0.07948504983388702 0.07308970099667782
0 0.3051495016611296 0.45348837209302323 0.05299003322259132 0.05980066445182729
0 0.2348006644518273 0.49418604651162795 0.05664451827242527 0.0681063122923588
0 0.32707641196013293 0.7682724252491695 0.10598006644518268 0.09800664451827246
0 0.41889534883720925 0.7383720930232558 0.08496677740863795 0.1212624584717608
0 0.5002076411960134 0.8521594684385383 0.10141196013289033 0.12292358803986715
0 0.5614202657807309 0.9285714285714285 0.06303986710963456 0.1428571428571429
0 0.15348837209302324 0.92109634551495 0.11694352159468437 0.11129568106312292
0 0.20739202657807312 0.759966777408638 0.08953488372093023 0.12126245847176068
0 0.1589700996677741 0.6669435215946842 0.062126245847176055 0.12458471760797338
0 0.031519933554817275 0.6187707641196013 0.06303986710963455 0.11461794019933556
0 0.14937707641196013 0.5232558139534883 0.07765780730897008 0.07308970099667768
