0 0.33164451827242525 0.760797342192691 0.10232558139534884 0.12624584717607973
0 0.4275747508305648 0.7533222591362125 0.0840531561461794 0.12458471760797352
0 0.5235049833887043 0.7865448504983388 0.08953488372093027 0.15780730897009973
0 0.5614202657807309 0.9235880398671097 0.061212624584717545 0.1528239202657808
0 0.6751661129568106 0.9318936877076411 0.1041528239202659 0.1362126245847176
0 0.7039451827242524 0.7740863787375415 0.09410299003322266 0.12956810631229232
0 0.8551495016611296 0.8762458471760798 0.18089700996677735 0.19435215946843853
0 0.9460548172757476 0.7209302325581396 0.0922757475083057 0.1029900332225914
0 0.8231727574750832 0.6985049833887044 0.09684385382059801 0.0813953488372094
0 0.8601744186046512 0.6387043189368771 0.1068936877076412 0.06478405315614602
0 0.8738787375415282 0.5855481727574751 0.10872093023255801 0.07807308970099669
0 0.6523255813953489 0.6810631229235881 0.08770764119601339 0.08305647840531563
0 0.6285714285714286 0.6328903654485051 0.08405315614617934 0.06976744186046517
0 0.6710548172757476 0.47176079734219273 0.06669435215946841 0.07973421926910305
0 0.7158222591362127 0.5830564784053156 0.05573089700996675 0.09966777408637874
0 0.5262458471760797 0.47093023255813954 0.05664451827242523 0.0681063122923588
0 0.40427740863787376 0.5465116279069768 0.07400332225913622 0.06976744186046517
0 0.2932724252491694 0.5838870431893688 0.08039867109634549 0.06478405315614623
0 0.3279900332225914 0.5008305647840531 0.04750830564784053 0.05813953488372093
0 0.25352990033222594 0.4825581395348837 0.04111295681063126 0.061461794019933506
0 0.21698504983388706 0.5282392026578072 0.050249169435215964 0.049833887043189404
0 0.3065199335548174 0.4543189368770763 0.05390365448504972 0.05149501661129576
0 0.20602159468438522 0.7491694352159469 0.07765780730897039 0.10963455149501644
0 0.14846345514950166 0.6677740863787376 0.07583056478405314 0.09634551495016616
0 0.14937707641196016 0.9377076411960132 0.1525747508305648 0.12458471760797338
