0 0.5286225402504473 0.80574077085705 0.0813953488372094 0.12034477150756245
0 0.42441860465116293 0.7520735078874614 0.09123434704830054 0.11058708733127333
0 0.3179785330948123 0.7650837534558466 0.10375670840787113 0.1268498942917549
0 0.20840787119856904 0.7577654903236296 0.07602862254025052 0.16100178890876563
0 0.15250447227191416 0.6553098064725973 0.053667262969588576 0.12197105220361046
0 0.29293381037567096 0.582940315498455 0.07692307692307693 0.08456659619450328
0 0.411449016100179 0.54797528053342 0.0867620751341682 0.08294031549845507
0 0.7008050089445439 0.7805334200683037 0.08050089445438288 0.12197105220361024
0 0.6632379248658319 0.9203935599284437 0.09660107334525947 0.12847617498780295
0 0.5460644007155636 0.9236461213205406 0.1055456171735242 0.11871849081151412
0 0.8067978533094814 0.9443405431777526 0.1368515205724509 0.11131891364449487
0 0.8506261180679786 0.8691657180029274 0.16010733452593898 0.14636526264433228
0 0.8242397137745976 0.7130427711823062 0.10196779964221832 0.07480891201821435
0 0.8211091234347049 0.641486420556188 0.06350626118067978 0.08131403480240686
0 0.9396243291592131 0.6870222800455359 0.07334525939177113 0.11383964872336975
0 0.8667262969588552 0.582127175150431 0.09570661896243295 0.07968775410635878
0 0.7110912343470486 0.6114002276792975 0.04740608228980321 0.11221336802732168
0 0.6449016100178891 0.6780777362172711 0.09212880143112706 0.07643519271426256
0 0.6243291592128802 0.6195316311595381 0.09033989266547408 0.07643519271426243
0 0.5183363148479428 0.4829240526914946 0.050089445438282636 0.07968775410635871
0 0.6712880143112702 0.476418929907302 0.06618962432915922 0.06342494714587729
0 0.25670840787119864 0.4934948772158076 0.0456171735241503 0.07155635062611815
0 0.3264758497316639 0.5089445438282647 0.0509838998211092 0.06342494714587738
0 0.3059033989266549 0.45446414051065254 0.0509838998211092 0.05529354366563586
0 0.14758497316636857 0.931777524800781 0.1404293381037567 0.12197105220361039
0 0.9525939177101972 0.4113677020653766 0.03846153846153854 0.11546592941941781
