0 0.8935215946843854 0.8712624584717608 0.16262458471760793 0.1644518272425249
0 0.7829734219269103 0.9086378737541528 0.10415282392026569 0.1827242524916943
0 0.6628322259136213 0.9252491694352158 0.1050664451827243 0.14950166112956823
0 0.7066860465116278 0.7691029900332225 0.0721760797342192 0.15614617940199338
0 0.5390365448504985 0.7882059800664453 0.10232558139534895 0.14784053156146185
0 0.4115863787375416 0.7458471760797343 0.09958471760797344 0.12624584717607987
0 0.6441029900332227 0.6735880398671097 0.08222591362126253 0.07142857142857145
0 0.6212624584717608 0.6345514950166112 0.07674418604651151 0.07973421926910298
0 0.7085132890365449 0.5971760797342192 0.0539036544850498 0.0946843853820598
0 0.8259136212624586 0.7117940199335547 0.10415282392026583 0.0813953488372094
0 0.8108388704318937 0.6254152823920266 0.06303986710963456 0.0880398671096345
0 0.8761627906976744 0.5872093023255814 0.09501661129568106 0.09136212624584715
0 0.9551910299003322 0.7167774086378738 0.0758305647840531 0.11129568106312292
0 0.3713870431893687 0.9418604651162791 0.09775747508305649 0.11627906976744186
0 0.3010382059800665 0.5855481727574751 0.08131229235880401 0.08471760797342193
0 0.3576827242524917 0.510797342192691 0.06486710963455153 0.06478405315614616
0 0.4111295681063123 0.5681063122923589 0.08588039867109643 0.08637873754152821
0 0.2622093023255814 0.4950166112956811 0.040199335548172746 0.05980066445182729
0 0.22429401993355483 0.5290697674418605 0.04111295681063123 0.06478405315614623
0 0.6683139534883722 0.47923588039867115 0.08131229235880405 0.07142857142857138
0 0.9570182724252493 0.4053156146179402 0.031976744186046485 0.09966777408637867
0 0.15074750830564784 0.6578073089700996 0.08222591362126246 0.09966777408637874
0 0.20465116279069767 0.7284053156146179 0.0749169435215947 0.11461794019933563
0 0.3142857142857143 0.7574750830564784 0.09136212624584719 0.12956810631229232
0 0.032890365448504995 0.6212624584717608 0.06578073089700999 0.09634551495016609
