0 0.9095099667774087 0.8106312292358805 0.09958471760797337 0.17607973421926915
0 0.7742940199335548 0.893687707641196 0.11420265780730887 0.1461794019933555
0 0.6509551495016612 0.9310631229235881 0.0922757475083057 0.13787375415282382
0 0.7071428571428572 0.7691029900332225 0.0749169435215947 0.14285714285714277
0 0.545888704318937 0.7956810631229235 0.09775747508305656 0.13289036544850505
0 0.5650747508305648 0.9210963455149502 0.07583056478405326 0.1212624584717608
0 0.3631644518272425 0.9485049833887044 0.10141196013289043 0.1029900332225914
0 0.39285714285714285 0.750830564784053 0.09136212624584715 0.11960132890365444
0 0.3014950166112957 0.7641196013289036 0.09501661129568106 0.1362126245847176
0 0.19916943521594685 0.7641196013289036 0.07857142857142856 0.13289036544850505
0 0.2978405315614618 0.5888704318936877 0.07491694352159467 0.09800664451827239
0 0.40564784053156144 0.5614617940199336 0.08770764119601332 0.07973421926910305
0 0.7117109634551494 0.6146179401993355 0.06212624584717602 0.10631229235880384
0 0.8167774086378737 0.6287375415282392 0.05664451827242516 0.09800664451827239
0 0.8259136212624586 0.7109634551495018 0.09501661129568106 0.08305647840531563
0 0.8789036544850499 0.5971760797342192 0.10415282392026569 0.1013289036544851
0 0.5143687707641197 0.473421926910299 0.054817275747508346 0.06312292358803986
0 0.30743355481727574 0.4501661129568106 0.05024916943521593 0.05315614617940206
0 0.36544850498338877 0.5199335548172758 0.054817275747508276 0.049833887043189404
0 0.41478405315614625 0.45182724252491696 0.05116279069767437 0.06644518272425244
0 0.26312292358803985 0.4983388704318936 0.04385382059800662 0.056478405315614495
0 0.2252076411960133 0.5282392026578073 0.04111295681063123 0.049833887043189334
0 0.04019933554817276 0.6162790697674418 0.08039867109634552 0.08970099667774094
0 0.1438953488372093 0.6478405315614617 0.08679401993355482 0.10963455149501655
0 0.6459302325581396 0.6719269102990033 0.07674418604651166 0.07475083056478404
0 0.6180647840531561 0.6229235880398671 0.08131229235880397 0.06644518272425244
