0 0.9136851520572453 0.8667262969588552 0.12343470483005375 0.20979020979021
0 0.7661001788908767 0.9041307529679625 0.10912343470483023 0.15124410473247693
0 0.7093023255813955 0.7732151569360872 0.07960644007155636 0.13660757846804358
0 0.8282647584973168 0.7171084729224265 0.10644007155635066 0.08944543828264756
0 0.8072450805008945 0.6341681574239714 0.06976744186046517 0.1187184908115141
0 0.8868515205724509 0.6016425435030085 0.10554561717352443 0.11546592941941759
0 0.6480322003577819 0.6658806309969101 0.11449016100178888 0.055293543665636664
0 0.6341681574239715 0.6203447715075623 0.0992844364937389 0.06505122784192544
0 0.7052772808586764 0.6146527890713938 0.08407871198568884 0.08944543828264756
0 0.5456171735241503 0.7772808586762077 0.06708407871198574 0.12197105220361024
0 0.6542933810375671 0.9260855423646123 0.07871198568872977 0.14636526264433244
0 0.5483005366726297 0.9305171572613433 0.08855098389982118 0.13896568547731333
0 0.40339892665474075 0.7415026833631485 0.08497316636851522 0.09595056106684012
0 0.2777280858676208 0.7675231744999187 0.07155635062611808 0.13498129777199552
0 0.20304114490161004 0.7293055781427875 0.08318425760286229 0.12034477150756218
0 0.04494633273703041 0.6333550170759474 0.08989266547406081 0.0910717189786957
0 0.32066189624329167 0.5739957716701903 0.07871198568872988 0.06993006993006994
0 0.40966010733452607 0.5634249471458774 0.0867620751341682 0.0910717189786957
0 0.22227191413237932 0.5317124735729386 0.04651162790697676 0.07968775410635878
0 0.2531305903398927 0.49593429825987967 0.042039355992844384 0.06342494714587744
0 0.30277280858676214 0.44714587737843553 0.03935599284436488 0.04390957879329974
0 0.279964221824687 0.4064888599772321 0.038461538461538464 0.04716214018539602
0 0.2245080500894455 0.4129939827614247 0.04203935599284442 0.05041470157749231
0 0.5098389982110912 0.4804846316474224 0.034883720930232585 0.06179866644982937
0 0.6721824686940967 0.47885835095137425 0.05724508050089469 0.06505122784192566
0 0.9409660107334529 0.40892828102130435 0.043828264758497396 0.1203447715075621
