0 0.5385797342192692 0.7815614617940199 0.06669435215946834 0.1279069767441861
0 0.5586794019933555 0.9285714285714286 0.07034883720930232 0.1428571428571429
0 0.7044019933554817 0.7832225913621262 0.054817275747508346 0.1212624584717608
0 0.6559800664451828 0.9260797342192691 0.06395348837209305 0.14784053156146185
0 0.7615033222591363 0.8853820598006643 0.06486710963455153 0.1395348837209302
0 0.8583471760797343 0.9069767441860465 0.11420265780730901 0.18604651162790703
0 0.8176910299003322 0.7117940199335547 0.09867109634551496 0.0681063122923588
0 0.807641196013289 0.632890365448505 0.06395348837209297 0.09966777408637867
0 0.8798172757475083 0.5921926910299004 0.0931893687707641 0.10465116279069761
0 0.6459302325581396 0.6777408637873754 0.09684385382059801 0.0664451827242526
0 0.6221760797342193 0.622093023255814 0.06395348837209297 0.05149501661129577
0 0.6783637873754154 0.601328903654485 0.08131229235880405 0.07973421926910298
0 0.6587209302325582 0.4817275747508306 0.08405315614617954 0.10299003322259132
0 0.4262043189368771 0.5456810631229235 0.08131229235880397 0.06810631229235874
0 0.2795681063122924 0.6112956810631229 0.06029900332225914 0.10299003322259132
0 0.27819767441860466 0.7599667774086378 0.0447674418604651 0.13455149501661112
0 0.20191029900332225 0.7300664451827242 0.08039867109634553 0.11129568106312292
0 0.362250830564784 0.7533222591362128 0.0904485049833887 0.10465116279069761
0 0.3627076411960133 0.9460132890365449 0.098671096345515 0.10797342192691034
0 0.9529069767441861 0.4335548172757476 0.031063122923588083 0.11627906976744179
0 0.9778239202657807 0.2574750830564784 0.04435215946843854 0.07973421926910298
0 0.26357973421926917 0.5340531561461794 0.0593853820598007 0.061461794019933576
0 0.36499169435215945 0.5332225913621261 0.0539036544850498 0.07308970099667775
0 0.486046511627907 0.4393687707641196 0.031063122923588083 0.07475083056478404
0 0.5148255813953488 0.47923588039867104 0.05024916943521603 0.0681063122923588
0 0.4339700996677741 0.46511627906976744 0.04933554817275748 0.0631229235880398
0 0.0433970099667774 0.6387043189368771 0.0867940199335548 0.1212624584717608
