0 0.37093023255813956 0.9485049833887044 0.0931893687707641 0.1029900332225914
0 0.5623338870431894 0.915282392026578 0.06852159468438551 0.14617940199335536
0 0.5102574750830565 0.9609634551495018 0.05755813953488371 0.07807308970099669
0 0.6587209302325582 0.9277408637873754 0.08953488372093027 0.13122923588039853
0 0.7551079734219269 0.8862126245847176 0.061212624584717476 0.11129568106312292
0 0.8505813953488374 0.9069767441860465 0.10598006644518264 0.17275747508305642
0 0.8291112956810633 0.7084717607973423 0.09410299003322266 0.07142857142857138
0 0.7044019933554818 0.7649501661129565 0.0730897009966778 0.1279069767441865
0 0.8163205980066445 0.6370431893687707 0.06303986710963443 0.09800664451827253
0 0.8770764119601329 0.6029900332225914 0.08770764119601324 0.09302325581395351
0 0.5504568106312293 0.7873754152823921 0.07400332225913622 0.11960132890365444
0 0.6454734219269104 0.6719269102990033 0.10323920265780742 0.07142857142857138
0 0.6189784053156147 0.6245847176079734 0.06486710963455139 0.06312292358803986
0 0.6806478405315616 0.5988372093023255 0.07491694352159485 0.08139534883720934
0 0.6614617940199337 0.4867109634551495 0.09501661129568113 0.08970099667774085
0 0.5449750830564785 0.46179401993355484 0.05755813953488371 0.056478405315614565
0 0.42392026578073083 0.5514950166112951 0.09136212624584719 0.07308970099667861
0 0.3855481727574751 0.7541528239202658 0.08770764119601324 0.12292358803986701
0 0.29235880398671094 0.7558139534883722 0.08222591362126246 0.12292358803986715
0 0.20282392026578072 0.7383720930232558 0.0712624584717608 0.1345514950166114
0 0.275 0.6071428571428571 0.0621262458471761 0.10132890365448496
0 0.2914451827242525 0.5299003322259136 0.060299003322259105 0.07973421926910298
0 0.3540282392026579 0.5066445182724253 0.05573089700996675 0.07308970099667782
0 0.42300664451827247 0.46677740863787376 0.05116279069767444 0.08305647840531563
0 0.29053156146179404 0.43106312292358806 0.03837209302325583 0.09136212624584715
0 0.9570182724252492 0.41777408637873764 0.04111295681063126 0.10465116279069768
0 0.031519933554817275 0.617109634551495 0.06303986710963455 0.10465116279069761
