0 0.5495431893687709 0.7782392026578073 0.08131229235880405 0.13787375415282382
0 0.7039451827242524 0.7699335548172759 0.07400332225913615 0.1279069767441861
0 0.8254568106312292 0.7109634551495018 0.09775747508305642 0.08637873754152821
0 0.8181478405315614 0.6445182724252492 0.06486710963455153 0.10631229235880398
0 0.8875830564784053 0.5988372093023255 0.11237541528239206 0.09800664451827253
0 0.9542774086378738 0.4235880398671097 0.04111295681063126 0.09634551495016602
0 0.7537375415282392 0.9294019933554817 0.16627906976744186 0.14119601328903655
0 0.7715531561461794 0.8496677740863788 0.07034883720930239 0.09800664451827246
0 0.35996677740863786 0.9418604651162791 0.10598006644518275 0.11627906976744186
0 0.3741279069767442 0.7350498338870431 0.0886212624584718 0.137873754152824
0 0.2909883720930233 0.7740863787375415 0.09227574750830562 0.13621262458471747
0 0.20465116279069767 0.7358803986710964 0.06943521594684383 0.1395348837209302
0 0.2795681063122924 0.6104651162790699 0.0621262458471761 0.09136212624584715
0 0.2562707641196013 0.5240863787375415 0.04842192691029901 0.06478405315614623
0 0.3133720930232558 0.5490033222591362 0.05847176079734226 0.07142857142857154
0 0.3617940199335548 0.5132890365448505 0.06029900332225914 0.07308970099667768
0 0.42300664451827247 0.5548172757475084 0.07674418604651159 0.07973421926910305
0 0.5143687707641196 0.47923588039867115 0.058471760797342114 0.07475083056478404
0 0.6395348837209301 0.49003322259136206 0.05847176079734218 0.08970099667774079
0 0.34854651162790695 0.45182724252491696 0.06669435215946845 0.0631229235880398
0 0.4321428571428572 0.48421926910299007 0.05847176079734218 0.07807308970099676
0 0.05299003322259137 0.5772425249169435 0.10598006644518274 0.18438538205980065
0 0.6436461794019934 0.6827242524916943 0.08679401993355469 0.07308970099667775
0 0.6208056478405316 0.6295681063122923 0.059385382059800665 0.06644518272425244
0 0.6875 0.601328903654485 0.0886212624584718 0.07973421926910298
0 0.6459302325581396 0.9385382059800665 0.06212624584717602 0.12292358803986715
