0 0.7066860465116278 0.7832225913621262 0.0721760797342192 0.15780730897009973
0 0.7788621262458472 0.9111295681063123 0.11237541528239191 0.16112956810631232
0 0.8291112956810633 0.713455149501661 0.1068936877076412 0.07142857142857138
0 0.8099252491694352 0.632890365448505 0.06486710963455153 0.08305647840531563
0 0.8793604651162791 0.5955149501661129 0.10689368770764104 0.09800664451827246
0 0.65141196013289 0.6852159468438538 0.11146179401993296 0.08803986710963413
0 0.6948089700996678 0.5880398671096345 0.08679401993355483 0.08970099667774085
0 0.6345099667774086 0.6312292358803987 0.07765780730897007 0.06644518272425244
0 0.6198920265780731 0.4925249169435216 0.06669435215946834 0.07475083056478404
0 0.435797342192691 0.5589700996677742 0.0840531561461794 0.0946843853820598
0 0.3864617940199335 0.7400332225913622 0.07857142857142861 0.14451827242524914
0 0.5509136212624586 0.7732558139534885 0.07491694352159478 0.1279069767441861
0 0.6354235880398672 0.9418604651162791 0.13978405315614623 0.11627906976744186
0 0.5659883720930232 0.9061461794019934 0.05573089700996675 0.14119601328903642
0 0.48056478405315617 0.9252491694352158 0.07857142857142854 0.1495016611295681
0 0.3672757475083057 0.9377076411960132 0.11511627906976749 0.12458471760797338
0 0.28733388704318935 0.7632890365448505 0.09410299003322255 0.13122923588039867
0 0.18866279069767444 0.7375415282392026 0.0776578073089701 0.1495016611295681
0 0.27225913621262454 0.6054817275747508 0.052990033222591354 0.07807308970099669
0 0.3133720930232558 0.5473421926910299 0.052990033222591396 0.05813953488372093
0 0.3636212624584718 0.5257475083056478 0.05116279069767444 0.06478405315614616
0 0.2562707641196013 0.5282392026578073 0.05573089700996675 0.05980066445182722
0 0.2882475083056478 0.43604651162790703 0.04842192691029901 0.08139534883720927
0 0.0420265780730897 0.5971760797342193 0.0840531561461794 0.17109634551495007
