0 0.8272840531561463 0.7109634551495018 0.0941029900332225 0.08970099667774079
0 0.8199750830564784 0.6345514950166113 0.07217607973421934 0.09966777408637867
0 0.8798172757475083 0.5946843853820598 0.09501661129568106 0.10963455149501655
0 0.7075996677740863 0.766611295681063 0.07217607973421934 0.13122923588039853
0 0.7665282392026579 0.8945182724252493 0.1078073089700996 0.1411960132890367
0 0.6605481727574751 0.9227574750830564 0.08588039867109636 0.15448504983388703
0 0.5463455149501661 0.7740863787375415 0.06943521594684383 0.12292358803986715
0 0.47828073089701 0.9136212624584718 0.08131229235880397 0.16611295681063126
0 0.5664451827242525 0.8920265780730897 0.0749169435215947 0.08637873754152821
0 0.5860880398671097 0.9584717607973421 0.09958471760797337 0.08305647840531549
0 0.3604235880398672 0.9219269102990033 0.09227574750830574 0.15614617940199338
0 0.40153654485049833 0.7308970099667775 0.0758305647840531 0.12292358803986715
0 0.2841362126245847 0.7549833887043189 0.06578073089700996 0.12458471760797338
0 0.20739202657807312 0.7400332225913622 0.06943521594684388 0.14451827242524914
0 0.2736295681063123 0.606312292358804 0.059385382059800665 0.09966777408637874
0 0.3133720930232558 0.5473421926910299 0.054817275747508346 0.054817275747508276
0 0.3627076411960133 0.5257475083056478 0.04750830564784053 0.054817275747508276
0 0.42940199335548174 0.5564784053156147 0.06578073089701 0.07308970099667775
0 0.2919019933554817 0.43604651162790703 0.05024916943521593 0.0946843853820598
0 0.25398671096345515 0.5249169435215947 0.05664451827242527 0.05315614617940199
0 0.03289036544850498 0.6312292358803987 0.06578073089700996 0.1129568106312292
0 0.6884136212624585 0.5971760797342193 0.07034883720930239 0.06478405315614609
0 0.6226328903654484 0.6179401993355482 0.07034883720930224 0.06644518272425244
0 0.6459302325581396 0.6710963455149502 0.10049833887043193 0.08970099667774072
0 0.6230897009966777 0.4950166112956811 0.05299003322259125 0.0764119601328904
0 0.5070598006644518 0.4169435215946844 0.06760797342192695 0.05980066445182729
0 0.5002076411960132 0.4593023255813954 0.05573089700996675 0.0681063122923588
0 0.941486710963455 0.4393687707641196 0.04842192691029894 0.12790697674418602
