0 0.7016611295681062 0.771594684385382 0.08222591362126237 0.13122923588039867
0 0.7747508305647841 0.9003322259136212 0.10049833887043177 0.15946843853820597
0 0.8227159468438537 0.7101328903654485 0.07948504983388702 0.0813953488372094
0 0.8085548172757475 0.6237541528239202 0.06578073089700993 0.10132890365448503
0 0.8953488372093023 0.6353820598006644 0.10963455149501655 0.10465116279069761
0 0.9515365448504983 0.43438538205980065 0.04294019933554821 0.11794019933554814
0 0.6509551495016604 0.6702657807308969 0.09410299003322242 0.07807308970099668
0 0.6961794019933555 0.5955149501661129 0.07674418604651166 0.09800664451827246
0 0.6290282392026578 0.6328903654485051 0.07034883720930239 0.06644518272425252
0 0.6194352159468439 0.49584717607973416 0.058471760797342114 0.08139534883720934
0 0.4024501661129568 0.7350498338870431 0.06669435215946841 0.11794019933554821
0 0.5481727574750831 0.7774086378737541 0.06578073089701 0.12292358803986715
0 0.48102159468438543 0.8995016611295681 0.06486710963455146 0.14451827242524928
0 0.35950996677740865 0.9318936877076411 0.10872093023255819 0.1362126245847176
0 0.6628322259136213 0.9260797342192691 0.07400332225913622 0.14784053156146185
0 0.5774086378737543 0.9252491694352158 0.07857142857142868 0.1461794019933555
0 0.28322259136212624 0.7624584717607974 0.07491694352159467 0.12624584717607973
0 0.21835548172757477 0.7441860465116278 0.06943521594684388 0.1495016611295681
0 0.27043189368770765 0.5946843853820597 0.06578073089701 0.08637873754152828
0 0.31656976744186044 0.5498338870431894 0.05755813953488371 0.056478405315614634
0 0.3636212624584718 0.5240863787375415 0.05664451827242523 0.061461794019933506
0 0.5107142857142858 0.4260797342192691 0.054817275747508346 0.05813953488372093
0 0.02786544850498339 0.6337209302325582 0.05573089700996678 0.10132890365448503
0 0.2571843853820598 0.5240863787375415 0.05755813953488371 0.054817275747508276
0 0.2891611295681063 0.4377076411960134 0.05024916943521593 0.09136212624584722
