0 0.5737541528239203 0.893687707641195 0.10232558139534907 0.166112956810631
0 0.7030315614617944 0.7749169435215947 0.07217607973421877 0.1411960132890365
0 0.7615033222591363 0.877906976744186 0.05938538205980081 0.11461794019933565
0 0.7665282392026579 0.7134551495016612 0.09136212624584715 0.09136212624584715
0 0.8542358803986713 0.6868770764119602 0.06212624584717602 0.11461794019933565
0 0.8135797342192691 0.6237541528239202 0.052076411960132844 0.08139534883720927
0 0.6418189368770765 0.6636212624584718 0.10141196013289033 0.0514950166112957
0 0.6276578073089701 0.627906976744186 0.07491694352159456 0.06312292358803986
0 0.6897840531561462 0.5938538205980066 0.08222591362126253 0.07807308970099669
0 0.6130398671096345 0.5024916943521595 0.06395348837209297 0.08471760797342184
0 0.5531976744186047 0.7292358803986709 0.06852159468438536 0.11960132890365444
0 0.43168604651162795 0.8870431893687709 0.09593023255813954 0.16943521594684385
0 0.46731727574750836 0.7956810631229235 0.09227574750830562 0.09966777408637881
0 0.395141196013289 0.7267441860465117 0.06669435215946841 0.10797342192691019
0 0.2736295681063123 0.8662790697674418 0.1196843853820598 0.1212624584717608
0 0.2727159468438538 0.7591362126245847 0.07948504983388702 0.13289036544850488
0 0.21424418604651166 0.7267441860465117 0.0904485049833887 0.11794019933554807
0 0.2772840531561462 0.5988372093023255 0.059385382059800665 0.08139534883720934
0 0.31611295681063123 0.5490033222591362 0.06029900332225914 0.048172757475083046
0 0.3677325581395349 0.5274086378737541 0.0539036544850498 0.0681063122923588
0 0.42346345514950173 0.5506644518272426 0.07400332225913622 0.08471760797342193
0 0.030606312292358807 0.6445182724252493 0.06121262458471761 0.11960132890365444
0 0.5308139534883721 0.4269102990033222 0.0895348837209302 0.07308970099667775
0 0.9714285714285714 0.3870431893687708 0.057142857142857224 0.11295681063122927
0 0.2800249169435216 0.4219269102990033 0.04111295681063123 0.11960132890365444
0 0.3681893687707641 0.40116279069767447 0.05116279069767437 0.084717607973422
0 0.33758305647840536 0.46843853820598014 0.03928571428571434 0.0764119601328904
0 0.23845514950166113 0.46511627906976744 0.038372093023255796 0.0830564784053157
0 0.18272425249169438 0.46926910299003327 0.0493355481727575 0.07807308970099669
