0 0.573297342192691 0.9011627906976745 0.11602990033222596 0.17441860465116277
0 0.7098837209302324 0.7715946843853821 0.06943521594684383 0.1345514950166114
0 0.6710548172757476 0.9260797342192691 0.07765780730897014 0.14784053156146185
0 0.7683554817275748 0.8795681063122924 0.1114617940199335 0.1146179401993355
0 0.7806893687707641 0.9692691029900332 0.14892026578073086 0.061461794019933506
0 0.8428156146179403 0.7408637873754154 0.06303986710963443 0.12624584717607987
0 0.8195182724252491 0.6337209302325582 0.06395348837209297 0.10797342192691026
0 0.7592192691029901 0.6993355481727573 0.07857142857142861 0.09966777408637867
0 0.6980066445182723 0.5930232558139535 0.0895348837209302 0.09634551495016609
0 0.644559800664452 0.6760797342192691 0.09958471760797337 0.06644518272425244
0 0.62171926910299 0.6245847176079734 0.0539036544850498 0.08305647840531563
0 0.5705564784053156 0.5963455149501661 0.05573089700996683 0.08970099667774094
0 0.6112126245847176 0.4950166112956811 0.05847176079734226 0.08637873754152821
0 0.5171096345514951 0.4318936877076412 0.06943521594684392 0.06644518272425244
0 0.6664867109634552 0.46677740863787376 0.061212624584717684 0.07973421926910305
0 0.5573089700996678 0.7325581395348837 0.07857142857142861 0.09966777408637881
0 0.429858803986711 0.8604651162790696 0.07400332225913617 0.1328903654485056
0 0.46320598006644514 0.7732558139534883 0.07308970099667782 0.10132890365448503
0 0.3997093023255814 0.7267441860465117 0.059385382059800665 0.10465116279069775
0 0.27774086378737545 0.8397009966777409 0.10598006644518268 0.09800664451827246
0 0.2864202657807309 0.7641196013289039 0.09958471760797341 0.10963455149501657
0 0.23662790697674418 0.7051495016611296 0.08953488372093023 0.09800664451827246
0 0.2786544850498339 0.5996677740863787 0.06029900332225914 0.07308970099667775
0 0.31154485049833885 0.5573089700996678 0.054817275747508346 0.07142857142857145
0 0.3627076411960133 0.521594684385382 0.04385382059800662 0.06644518272425252
0 0.25398671096345515 0.5274086378737541 0.054817275747508276 0.06478405315614616
0 0.031519933554817275 0.6395348837209304 0.06303986710963455 0.08305647840531563
0 0.284593023255814 0.43438538205980065 0.05755813953488371 0.08471760797342193
0 0.36133720930232555 0.39867109634551495 0.05755813953488378 0.06312292358803986
0 0.34808970099667774 0.46926910299003327 0.036544850498338874 0.06478405315614616
0 0.43899501661129575 0.5523255813953488 0.09593023255813954 0.07807308970099669
0 0.9750830564784053 0.40033222591362133 0.049833887043189404 0.1196013289036545
