0 0.9399086378737542 0.7558139534883722 0.12018272425249166 0.16611295681063112
0 0.8181478405315614 0.6320598006644518 0.06303986710963443 0.10465116279069761
0 0.756935215946844 0.7034883720930233 0.08131229235880397 0.08803986710963457
0 0.703031561461794 0.7799003322259136 0.06669435215946834 0.1212624584717608
0 0.7980481727574751 0.9294019933554817 0.17632890365448503 0.14119601328903655
0 0.6623754152823921 0.9377076411960132 0.08039867109634563 0.12458471760797338
0 0.5550249169435216 0.887873754152824 0.11237541528239198 0.1810631229235881
0 0.5536544850498339 0.7242524916943522 0.06760797342192695 0.11295681063122913
0 0.6436461794019934 0.6636212624584718 0.11602990033222596 0.084717607973422
0 0.6838455149501661 0.5930232558139535 0.08131229235880412 0.07973421926910298
0 0.6007059800664452 0.49086378737541525 0.061212624584717684 0.07807308970099662
0 0.6751661129568107 0.478405315614618 0.07491694352159478 0.08970099667774085
0 0.43305647840531564 0.542358803986711 0.07674418604651159 0.07475083056478404
0 0.36544850498338877 0.5224252491694352 0.03837209302325583 0.07475083056478404
0 0.3120016611295681 0.5382059800664452 0.050249169435215964 0.0631229235880398
0 0.27637043189368776 0.6004983388704319 0.055730897009966786 0.10465116279069768
0 0.47005813953488373 0.7533222591362128 0.07400332225913622 0.11794019933554821
0 0.39696843853820596 0.7308970099667775 0.06486710963455146 0.11295681063122927
0 0.4335132890365449 0.883720930232558 0.13247508305647848 0.1528239202657808
0 0.2635797342192691 0.8546511627906977 0.13612956810631224 0.1312292358803988
0 0.2896179401993355 0.7574750830564784 0.10780730897009967 0.11960132890365457
0 0.2338870431893688 0.7134551495016612 0.07308970099667775 0.13455149501661126
0 0.24713455149501662 0.5249169435215947 0.050249169435215964 0.06312292358803986
0 0.9629568106312293 0.4069767441860465 0.05847176079734226 0.1196013289036545
