0 0.7117109634551495 0.7732558139534883 0.0749169435215947 0.11794019933554807
0 0.7642441860465118 0.877906976744186 0.09227574750830556 0.12790697674418594
0 0.6696843853820599 0.9119601328903656 0.0858803986710965 0.10631229235880411
0 0.9355897009966772 0.6785714285714285 0.12882059800664444 0.18106312292358806
0 0.8236295681063123 0.6428571428571428 0.07400332225913615 0.10631229235880384
0 0.7683554817275748 0.707641196013289 0.08953488372093034 0.09634551495016609
0 0.6902408637873754 0.5888704318936877 0.10872093023255808 0.0880398671096345
0 0.642732558139535 0.6777408637873754 0.10872093023255815 0.07641196013289026
0 0.6267441860465116 0.6254152823920265 0.05299003322259125 0.09136212624584708
0 0.6016196013289037 0.5207641196013292 0.0721760797342196 0.07142857142857144
0 0.40930232558139534 0.7009966777408638 0.0712624584717608 0.08305647840531563
0 0.44995847176079734 0.7616279069767441 0.050249169435215964 0.13122923588039867
0 0.5440614617940199 0.8372093023255814 0.08313953488372093 0.12624584717607987
0 0.5527408637873754 0.7200996677740864 0.07308970099667775 0.09800664451827246
0 0.509343853820598 0.9086378737541528 0.14709302325581397 0.09966777408637881
0 0.41889534883720936 0.9626245847176079 0.16901993355481737 0.07475083056478411
0 0.2695182724252492 0.8397009966777409 0.11146179401993357 0.10465116279069761
0 0.29966777408637874 0.7699335548172758 0.14069767441860465 0.09136212624584715
0 0.2252076411960133 0.7109634551495018 0.061212624584717615 0.12956810631229232
0 0.2718023255813954 0.6021594684385382 0.046594684385382085 0.10465116279069768
0 0.31154485049833885 0.5456810631229235 0.06760797342192688 0.07475083056478404
0 0.2544435215946844 0.510797342192691 0.04294019933554821 0.061461794019933576
0 0.3686461794019934 0.51578073089701 0.04111295681063126 0.05813953488372093
0 0.4303156146179401 0.5490033222591362 0.07491694352159463 0.0946843853820598
0 0.5221345514950166 0.41943521594684385 0.07948504983388702 0.06810631229235874
0 0.9688953488372093 0.4061461794019934 0.05755813953488385 0.12126245847176087
