0 0.8747923588039868 0.6843853820598007 0.10323920265780728 0.1362126245847177
0 0.8126661129568106 0.6245847176079734 0.05755813953488371 0.10631229235880398
0 0.7505398671096346 0.7034883720930232 0.09775747508305642 0.06478405315614623
0 0.7098837209302326 0.7823920265780732 0.0749169435215947 0.12956810631229232
0 0.7660714285714286 0.8953488372093023 0.1105481727574751 0.12956810631229232
0 0.6514119601328904 0.9227574750830564 0.08222591362126246 0.11461794019933563
0 0.7194767441860465 0.98421926910299 0.10141196013289033 0.03156146179402
0 0.5426910299003322 0.9601328903654485 0.09684385382059801 0.0797342192691029
0 0.5257890365448505 0.8247508305647842 0.07948504983388702 0.14119601328903655
0 0.5490863787375416 0.7259136212624585 0.06029900332225914 0.11960132890365444
0 0.6349667774086378 0.6827242524916944 0.10232558139534888 0.08637873754152828
0 0.6208056478405316 0.6262458471760798 0.06669435215946848 0.06644518272425244
0 0.6879568106312293 0.5905315614617941 0.06943521594684399 0.09136212624584715
0 0.41524086378737546 0.7018272425249169 0.07217607973421934 0.08139534883720927
0 0.4522425249169435 0.7682724252491695 0.0712624584717608 0.12458471760797338
0 0.35265780730897006 0.914451827242525 0.07308970099667775 0.17109634551495007
0 0.251702657807309 0.8255813953488372 0.11237541528239202 0.08970099667774094
0 0.27225913621262454 0.7574750830564784 0.1041528239202658 0.08970099667774094
0 0.2443936877076412 0.6868770764119599 0.05024916943521593 0.08471760797342184
0 0.2708887043189369 0.6029900332225914 0.053903654485049836 0.08970099667774094
0 0.31245847176079733 0.5490033222591362 0.04933554817275748 0.07142857142857154
0 0.35768272425249165 0.5149501661129569 0.04659468438538205 0.05980066445182729
0 0.429858803986711 0.5440199335548174 0.07034883720930232 0.08139534883720934
0 0.25764119601328905 0.5224252491694352 0.05847176079734218 0.05813953488372085
0 0.5285299003322259 0.4235880398671097 0.08679401993355476 0.07308970099667782
0 0.21972591362126245 0.9501661129568106 0.09958471760797341 0.09966777408637867
0 0.3343853820598007 0.40033222591362133 0.0931893687707641 0.0697674418604651
