0 0.7605897009966778 0.8845514950166112 0.08131229235880397 0.11461794019933563
0 0.704858803986711 0.7641196013289036 0.061212624584717615 0.1262458471760796
0 0.7578488372093024 0.7109634551495018 0.06486710963455153 0.08637873754152821
0 0.8195182724252493 0.6818936877076411 0.10415282392026583 0.06478405315614602
0 0.8140365448504983 0.6254152823920266 0.058471760797342114 0.08139534883720927
0 0.6961794019933555 0.5938538205980066 0.08405315614617934 0.07475083056478404
0 0.6386212624584718 0.6827242524916943 0.09684385382059787 0.0797342192691029
0 0.6262873754152823 0.6262458471760798 0.061212624584717615 0.0631229235880398
0 0.6674003322259137 0.4983388704318936 0.06852159468438536 0.0631229235880398
0 0.5559385382059802 0.7350498338870431 0.061212624584717684 0.09800664451827246
0 0.5212209302325581 0.813953488372093 0.08131229235880397 0.14285714285714277
0 0.44630398671096344 0.7865448504983388 0.0539036544850498 0.11794019933554821
0 0.41752491694352156 0.7034883720930233 0.05664451827242523 0.09800664451827246
0 0.35722591362126244 0.9078073089700996 0.08953488372093027 0.18438538205980082
0 0.5271594684385382 0.9609634551495018 0.10415282392026583 0.07807308970099669
0 0.6582641196013289 0.9136212624584716 0.083139534883721 0.11295681063122925
0 0.7025747508305648 0.983388704318937 0.12242524916943523 0.03322259136212622
0 0.2603820598006645 0.8521594684385382 0.11877076411960133 0.11627906976744186
0 0.2772840531561461 0.7682724252491695 0.11237541528239206 0.10797342192691034
0 0.2708887043189369 0.6088039867109635 0.0685215946843854 0.10132890365448503
0 0.3133720930232558 0.5440199335548174 0.04750830564784053 0.08139534883720934
0 0.25809800664451826 0.5166112956810631 0.044767441860465135 0.06644518272425244
0 0.3723006644518273 0.5290697674418605 0.05573089700996683 0.0681063122923588
0 0.4271179401993356 0.5606312292358804 0.0721760797342192 0.0946843853820598
0 0.9693936877076412 0.40116279069767447 0.06121262458471777 0.1378737541528239
0 0.03517441860465116 0.6453488372093024 0.07034883720930232 0.13122923588039875
