0 0.7601328903654486 0.8870431893687709 0.08770764119601324 0.12292358803986715
0 0.7066860465116278 0.771594684385382 0.06852159468438529 0.1279069767441861
0 0.7587624584717608 0.7117940199335548 0.059385382059800665 0.084717607973422
0 0.8030730897009967 0.6802325581395349 0.07857142857142861 0.07475083056478397
0 0.8181478405315614 0.6345514950166112 0.05938538205980052 0.08637873754152821
0 0.6555232558139535 0.9127906976744186 0.0648671096345516 0.12790697674418594
0 0.7181063122923588 0.9850498338870431 0.11511627906976742 0.029900332225913644
0 0.5344684385382059 0.9626245847176079 0.08588039867109636 0.07475083056478411
0 0.5193936877076412 0.8056478405315615 0.07948504983388709 0.1362126245847176
0 0.5513704318936877 0.7250830564784053 0.052076411960132914 0.12458471760797352
0 0.44356312292358807 0.7799003322259136 0.0630398671096345 0.10465116279069761
0 0.41478405315614625 0.6985049833887044 0.06029900332225914 0.10132890365448503
0 0.3645348837209302 0.9102990033222591 0.09684385382059801 0.1794019933554817
0 0.25855481727574753 0.8529900332225914 0.1114617940199335 0.0980066445182723
0 0.2864202657807309 0.760797342192691 0.11420265780730894 0.08970099667774094
0 0.24210963455149503 0.6852159468438538 0.045681063122923575 0.08139534883720934
0 0.27408637873754155 0.6046511627906976 0.05664451827242527 0.0797342192691029
0 0.3097176079734219 0.5473421926910299 0.038372093023255754 0.06478405315614616
0 0.36544850498338877 0.5199335548172757 0.04933554817275748 0.06312292358803986
0 0.43214285714285716 0.5398671096345515 0.0712624584717608 0.0764119601328904
0 0.5175664451827243 0.5598006644518273 0.06486710963455153 0.04651162790697676
0 0.5554817275747509 0.6038205980066444 0.05847176079734218 0.054817275747508346
0 0.6865863787375415 0.5938538205980067 0.07948504983388702 0.06478405315614623
0 0.6345099667774087 0.6719269102990033 0.08862126245847164 0.07142857142857138
0 0.6230897009966777 0.6187707641196014 0.05664451827242516 0.0681063122923588
0 0.04019933554817276 0.6395348837209301 0.08039867109634552 0.10299003322259132
0 0.520764119601329 0.4186046511627907 0.0712624584717608 0.06312292358803993
0 0.5700996677740864 0.48837209302325585 0.06578073089701 0.06976744186046517
0 0.9638704318936877 0.40946843853820597 0.062126245847176166 0.09800664451827246
0 0.34671926910299 0.46096345514950166 0.05755813953488367 0.07807308970099669
0 0.28413621262458477 0.43521594684385384 0.04202657807308974 0.09966777408637867
