0 0.7053156146179402 0.7674418604651163 0.0749169435215947 0.11960132890365457
0 0.7532807308970101 0.7176079734219268 0.06852159468438529 0.07641196013289019
0 0.7994186046511628 0.6852159468438539 0.08222591362126253 0.07475083056478404
0 0.8135797342192691 0.6262458471760798 0.05024916943521589 0.08305647840531563
0 0.6820182724252493 0.5930232558139535 0.08496677740863795 0.0697674418604651
0 0.6413621262458471 0.6744186046511629 0.10415282392026583 0.07973421926910305
0 0.5586794019933555 0.7192691029900331 0.06669435215946855 0.08305647840531563
0 0.5235049833887043 0.8131229235880398 0.0840531561461794 0.13122923588039867
0 0.5372093023255815 0.9534883720930233 0.07857142857142854 0.09302325581395351
0 0.6637458471760798 0.9036544850498339 0.06486710963455146 0.12624584717607973
0 0.7637873754152824 0.8845514950166113 0.10598006644518264 0.1279069767441861
0 0.861544850498339 0.7483388704318936 0.05847176079734226 0.15448504983388717
0 0.7149086378737541 0.9792358803986712 0.12151162790697669 0.041528239202657746
0 0.3576827242524917 0.9252491694352158 0.09593023255813954 0.1495016611295681
0 0.26357973421926917 0.8496677740863785 0.13795681063122925 0.09468438538205987
0 0.2955564784053156 0.7549833887043189 0.12699335548172766 0.08139534883720927
0 0.23617109634551497 0.6943521594684385 0.050249169435215964 0.1196013289036545
0 0.275 0.5971760797342193 0.06029900332225914 0.08803986710963457
0 0.3097176079734219 0.5440199335548173 0.04933554817275748 0.06478405315614609
0 0.3681893687707641 0.532392026578073 0.045681063122923644 0.07142857142857138
0 0.4335132890365449 0.5448504983388704 0.07400332225913622 0.07641196013289032
0 0.5212209302325581 0.5523255813953489 0.061212624584717684 0.061461794019933576
0 0.5669019933554817 0.6038205980066446 0.05573089700996683 0.07807308970099669
0 0.03471760797342193 0.6411960132890365 0.06943521594684386 0.09302325581395345
0 0.2562707641196013 0.5174418604651163 0.046594684385382085 0.061461794019933576
0 0.28733388704318935 0.4418604651162791 0.04111295681063126 0.09634551495016609
0 0.34352159468438537 0.46013289036544847 0.0475083056478405 0.05980066445182722
0 0.536295681063123 0.4900332225913621 0.06578073089700993 0.06976744186046517
0 0.5280730897009966 0.4269102990033222 0.06943521594684383 0.05980066445182729
0 0.42666112956810637 0.6868770764119602 0.07491694352159463 0.11129568106312292
0 0.4385382059800665 0.7749169435215947 0.08588039867109636 0.10797342192691048
