0 0.8903239202657809 0.941860465116279 0.16171096345514954 0.1029900332225914
0 0.7541943521594685 0.8820598006644519 0.08496677740863788 0.11960132890365444
0 0.7030315614617939 0.7707641196013291 0.06303986710963443 0.10963455149501657
0 0.7514534883720931 0.7159468438538207 0.07400332225913615 0.06976744186046517
0 0.809468438538206 0.6852159468438539 0.09684385382059801 0.07142857142857145
0 0.8154069767441859 0.6303986710963456 0.06303986710963456 0.09136212624584715
0 0.7117109634551495 0.5091362126245846 0.05664451827242516 0.07475083056478404
0 0.6824750830564784 0.5921926910299004 0.08222591362126253 0.061461794019933576
0 0.640905315614618 0.6752491694352158 0.09958471760797337 0.07807308970099669
0 0.6198920265780731 0.6254152823920266 0.05024916943521589 0.0681063122923588
0 0.5609634551495016 0.6004983388704318 0.04385382059800655 0.06478405315614616
0 0.5573089700996678 0.7259136212624585 0.05664451827242523 0.08305647840531563
0 0.5276162790697674 0.8222591362126246 0.07400332225913622 0.1495016611295681
0 0.6669435215946844 0.893687707641196 0.07308970099667782 0.12956810631229232
0 0.7194767441860467 0.9792358803986712 0.13064784053156145 0.041528239202657746
0 0.5399501661129569 0.9551495016611296 0.10232558139534888 0.08970099667774094
0 0.3581395348837209 0.9094684385382059 0.08405315614617936 0.1810631229235881
0 0.2786544850498338 0.7558139534883724 0.11328903654485042 0.09634551495016609
0 0.37093023255813956 0.5240863787375415 0.04385382059800662 0.07142857142857145
0 0.4380813953488372 0.5481727574750831 0.0758305647840531 0.06644518272425252
0 0.5212209302325581 0.5614617940199336 0.07217607973421927 0.06644518272425244
0 0.5235049833887043 0.47009966777408635 0.06029900332225914 0.08637873754152821
0 0.3142857142857143 0.5423588039867109 0.052990033222591396 0.05813953488372093
0 0.2585548172757475 0.5207641196013288 0.052990033222591354 0.06478405315614623
0 0.29053156146179404 0.43106312292358806 0.036544850498338874 0.09136212624584715
0 0.34443521594684384 0.46179401993355484 0.045681063122923575 0.06312292358803986
0 0.039742524916943515 0.6353820598006644 0.07948504983388704 0.1345514950166114
0 0.27545681063122923 0.5963455149501661 0.061212624584717615 0.08637873754152828
0 0.2393687707641196 0.6719269102990033 0.05847176079734218 0.09468438538205987
0 0.41524086378737546 0.6901993355481727 0.07034883720930239 0.08471760797342184
0 0.4344269102990033 0.7890365448504982 0.1014119601328904 0.09634551495016623
0 0.8295681063122925 0.7699335548172758 0.10232558139534874 0.10132890365448503
