0 0.8204318936877076 0.7774086378737541 0.1114617940199335 0.09302325581395338
0 0.7053156146179401 0.7691029900332225 0.06943521594684383 0.11627906976744186
0 0.751453488372093 0.7142857142857142 0.0758305647840531 0.0664451827242526
0 0.809468438538206 0.6752491694352158 0.09684385382059801 0.0681063122923588
0 0.8195182724252491 0.6320598006644518 0.05664451827242516 0.09136212624584708
0 0.6906976744186046 0.5897009966777408 0.08222591362126253 0.0697674418604651
0 0.6395348837209303 0.6179401993355481 0.052990033222591396 0.05315614617940199
0 0.6395348837209305 0.6719269102990029 0.09867109634551524 0.074750830564784
0 0.5595930232558141 0.7325581395348837 0.06669435215946841 0.09966777408637881
0 0.5289867109634551 0.8089700996677742 0.07857142857142854 0.15614617940199338
0 0.7642441860465118 0.8828903654485049 0.09044850498338874 0.12126245847176065
0 0.4700581395348838 0.9601328903654485 0.14343853820598013 0.0797342192691029
0 0.3563122923588039 0.9102990033222582 0.08405315614617923 0.17940199335548146
0 0.4143272425249169 0.6943521594684385 0.06669435215946848 0.10299003322259125
0 0.43305647840531564 0.7774086378737541 0.08770764119601324 0.09634551495016623
0 0.27454318936877076 0.7491694352159469 0.11602990033222589 0.08637873754152821
0 0.24896179401993357 0.6852159468438538 0.05755813953488374 0.10465116279069768
0 0.27225913621262454 0.6162790697674418 0.05664451827242523 0.10631229235880403
0 0.32205149501661123 0.5473421926910299 0.04842192691029901 0.07142857142857138
0 0.3723006644518273 0.5174418604651163 0.03745847176079735 0.061461794019933576
0 0.4312292358803987 0.5556478405315614 0.06212624584717602 0.09136212624584715
0 0.575124584717608 0.5980066445182725 0.05573089700996683 0.07308970099667775
0 0.5161960132890365 0.5589700996677741 0.058471760797342114 0.07142857142857138
0 0.4823920265780731 0.478405315614618 0.036544850498338874 0.08970099667774085
0 0.5326411960132891 0.41777408637873753 0.05116279069767444 0.0681063122923588
0 0.9698089700996678 0.41029900332225916 0.05390365448504994 0.11627906976744186
0 0.24622093023255814 0.8662790697674418 0.13064784053156142 0.1146179401993355
0 0.03654485049833888 0.6395348837209303 0.07308970099667776 0.11627906976744186
0 0.7112541528239202 0.9750830564784053 0.12333887043189379 0.049833887043189404
0 0.6678571428571429 0.898671096345515 0.07857142857142868 0.11627906976744186
0 0.26266611295681064 0.5240863787375415 0.03928571428571427 0.05813953488372093
0 0.2178986710963455 0.4750830564784053 0.0593853820598007 0.05980066445182729
0 0.284593023255814 0.44850498338870437 0.05024916943521593 0.08637873754152814
0 0.6966362126245846 0.4975083056478406 0.07948504983388702 0.05481727574750834
