0 0.6523255813953489 0.8953488372093023 0.07126245847176087 0.11960132890365444
0 0.7482558139534885 0.8754152823920265 0.06760797342192688 0.11960132890365444
0 0.7021179401993355 0.7782392026578071 0.06121262458471761 0.12458471760797338
0 0.867483388704319 0.9011627906976746 0.14892026578073073 0.137873754152824
0 0.8204318936877079 0.7674418604651162 0.10780730897009974 0.07973421926910305
0 0.7464285714285714 0.696843853820598 0.07308970099667775 0.07142857142857138
0 0.8112956810631229 0.6810631229235881 0.09501661129568106 0.06644518272425252
0 0.8167774086378737 0.6312292358803987 0.05116279069767444 0.07308970099667782
0 0.5317275747508305 0.8214285714285714 0.0840531561461794 0.14784053156146185
0 0.5568521594684386 0.7209302325581396 0.05573089700996683 0.1029900332225914
0 0.6441029900332227 0.6785714285714286 0.1078073089700996 0.08139534883720934
0 0.6326827242524918 0.6295681063122924 0.07217607973421927 0.06644518272425252
0 0.6961794019933555 0.5963455149501662 0.07308970099667775 0.06312292358803986
0 0.41889534883720936 0.7001661129568106 0.06852159468438543 0.08471760797342184
0 0.4385382059800665 0.7691029900332225 0.08039867109634549 0.07641196013289019
0 0.35539867109634554 0.9019933554817275 0.10049833887043193 0.16611295681063126
0 0.2603820598006644 0.8529900332225913 0.13704318936877077 0.09136212624584715
0 0.2658637873754153 0.7616279069767441 0.1352159468438538 0.08803986710963457
0 0.038828903654485054 0.6445182724252493 0.07765780730897011 0.12292358803986715
0 0.3151993355481728 0.5373754152823921 0.054817275747508346 0.07807308970099662
0 0.3727574750830565 0.5257475083056478 0.04750830564784053 0.07475083056478411
0 0.3046926910299003 0.45348837209302323 0.044767441860465135 0.07641196013289032
0 0.43168604651162795 0.5506644518272426 0.06852159468438536 0.08139534883720934
0 0.26632059800664454 0.6229235880398671 0.06669435215946845 0.0764119601328904
0 0.46411960132890373 0.4584717607973421 0.054817275747508276 0.10963455149501662
0 0.24485049833887043 0.6785714285714286 0.0712624584717608 0.09136212624584722
0 0.9625 0.4136212624584718 0.06303986710963456 0.10963455149501662
