0 0.5212209302325581 0.8172757475083057 0.09410299003322259 0.15946843853820597
0 0.5426910299003321 0.7259136212624585 0.07126245847176073 0.12292358803986715
0 0.640905315614618 0.6702657807308969 0.10506644518272423 0.084717607973422
0 0.6984634551495017 0.7707641196013288 0.0886212624584718 0.10631229235880398
0 0.7340946843853823 0.7093023255813954 0.07034883720930224 0.0797342192691029
0 0.8108388704318937 0.6852159468438539 0.09410299003322266 0.07475083056478411
0 0.8163205980066445 0.6237541528239202 0.0539036544850498 0.08803986710963464
0 0.8245431893687707 0.7691029900332227 0.11237541528239206 0.07641196013289032
0 0.8880398671096346 0.8671096345514951 0.13887043189368767 0.1262458471760796
0 0.6587209302325582 0.8920265780730898 0.07126245847176087 0.1262458471760796
0 0.7825166112956811 0.946843853820598 0.14892026578073086 0.10631229235880398
0 0.7628737541528239 0.8696013289036546 0.07308970099667775 0.07807308970099669
0 0.579235880398671 0.957641196013289 0.09501661129568106 0.084717607973422
0 0.36133720930232555 0.9136212624584718 0.0904485049833887 0.15614617940199324
0 0.25901162790697674 0.8671096345514951 0.11237541528239198 0.12292358803986715
0 0.27454318936877076 0.7533222591362128 0.1288205980066445 0.08139534883720927
0 0.24530730897009967 0.6960132890365449 0.07217607973421927 0.10631229235880398
0 0.4143272425249169 0.7068106312292357 0.06121262458471761 0.09468438538205973
0 0.43716777408637875 0.775747508305648 0.07948504983388702 0.08305647840531563
0 0.4339700996677741 0.5490033222591363 0.0712624584717608 0.08139534883720934
0 0.38280730897009974 0.5299003322259136 0.043853820598006694 0.06976744186046517
0 0.32113787375415287 0.5382059800664453 0.06303986710963456 0.06976744186046517
0 0.2603820598006644 0.6154485049833888 0.062126245847176055 0.07475083056478404
0 0.24987541528239204 0.5681063122923589 0.06303986710963456 0.06312292358803993
0 0.724501661129568 0.5008305647840532 0.06760797342192688 0.05481727574750828
0 0.6989202657807309 0.5863787375415282 0.06578073089700993 0.05980066445182722
0 0.972093023255814 0.4111295681063123 0.045681063122923575 0.0946843853820598
