0 0.5232558139534885 0.8065539112050744 0.07602862254025033 0.14473898194828436
0 0.5545617173524151 0.7179216132704505 0.05635062611806795 0.11058708733127333
0 0.6368515205724509 0.6577492275166693 0.09749552772808584 0.08456659619450306
0 0.7334525939177102 0.699219385265897 0.07960644007155651 0.07643519271426256
0 0.8041144901610019 0.6797040169133192 0.09033989266547408 0.07643519271426256
0 0.8206618962432919 0.6309155960318752 0.0626118067978534 0.08944543828264763
0 0.8452593917710197 0.8626605952187348 0.10644007155635066 0.130102455683851
0 0.6976744186046513 0.7748414376321354 0.06171735241502688 0.11383964872336963
0 0.8300536672629698 0.7740282972841112 0.11359570661896257 0.07643519271426243
0 0.755366726296959 0.8813628232232883 0.07155635062611822 0.10896080663522553
0 0.5514311270125225 0.9329565783054151 0.08944543828264763 0.11782403642868741
0 0.3604651162790698 0.9000650512278421 0.0867620751341682 0.16588063099691014
0 0.44096601073345276 0.7805334200683041 0.07960644007155636 0.09920312245893641
0 0.4150268336314849 0.7057245080500896 0.06887298747763865 0.07968775410635885
0 0.279964221824687 0.7553260692795578 0.11717352415026838 0.08456659619450306
0 0.2432915921288015 0.6894617010896081 0.06171735241502684 0.1024556838510327
0 0.4306797853309483 0.5544804033176126 0.06440071556350631 0.06667750853797365
0 0.3725402504472272 0.523581070092698 0.04830053667262966 0.06017238575378109
0 0.31305903398926666 0.5382175963571313 0.04382826475849729 0.07318263132216614
0 0.6882826475849734 0.607334525939177 0.07692307692307679 0.058546105057732944
0 0.6900715563506261 0.5430964384452757 0.06976744186046517 0.05691982436168488
0 0.261180679785331 0.6146527890713938 0.0652951699463328 0.07318263132216636
0 0.2508944543828265 0.5528541226215644 0.057245080500894475 0.06017238575378101
0 0.670840787119857 0.9179541388843718 0.08318425760286224 0.130102455683851
0 0.298747763864043 0.45609042120670024 0.03667262969588549 0.05204098227354031
0 0.34794275491949916 0.46259554399089287 0.0456171735241503 0.0487884208814441
0 0.22495527728085876 0.4691006667750854 0.05903398926654749 0.055293543665636734
0 0.467799642218247 0.4625955439908928 0.054561717352414905 0.11709221011546582
0 0.9575134168157424 0.39022605301675073 0.05903398926654759 0.10245568385103261
