0 0.5244186046511627 0.7998338870431894 0.08039867109634549 0.11794019933554821
0 0.5609634551495017 0.733388704318937 0.06029900332225914 0.09136212624584729
0 0.6975498338870432 0.7740863787375416 0.059385382059800665 0.10963455149501657
0 0.6536960132890366 0.8754152823920266 0.05390365448504987 0.12624584717607973
0 0.5486295681063124 0.9302325581395349 0.06486710963455153 0.1395348837209302
0 0.35996677740863786 0.9036544850498338 0.07308970099667779 0.1528239202657808
0 0.2608388704318937 0.8546511627906977 0.1087209302325581 0.1013289036544849
0 0.2850498338870432 0.75 0.11877076411960129 0.084717607973422
0 0.4417358803986711 0.7674418604651164 0.07948504983388702 0.08637873754152821
0 0.4143272425249169 0.6985049833887044 0.06486710963455153 0.0813953488372094
0 0.6335963455149503 0.6785714285714286 0.0941029900332225 0.08471760797342184
0 0.6395348837209301 0.6245847176079734 0.054817275747508276 0.06644518272425244
0 0.6888704318936877 0.6029900332225915 0.08039867109634556 0.05980066445182737
0 0.697093023255814 0.5465116279069767 0.06395348837209312 0.05980066445182722
0 0.7391196013289035 0.49335548172757476 0.06212624584717602 0.06976744186046517
0 0.9714285714285714 0.3953488372093023 0.057142857142857224 0.10631229235880398
0 0.807641196013289 0.6827242524916943 0.0931893687707641 0.05647840531561456
0 0.7336378737541529 0.7009966777408638 0.07674418604651151 0.06976744186046503
0 0.8099252491694352 0.7724252491694352 0.09044850498338874 0.05980066445182729
0 0.8126661129568106 0.6229235880398671 0.0721760797342192 0.05980066445182729
0 0.9579318936877078 0.6561461794019934 0.07948504983388702 0.1029900332225914
0 0.8414451827242524 0.8430232558139533 0.10049833887043193 0.10797342192691034
0 0.49883720930232556 0.6204318936877077 0.08039867109634549 0.061461794019933506
0 0.43397009966777406 0.5448504983388704 0.07491694352159463 0.05980066445182722
0 0.37869601328903657 0.5282392026578073 0.0447674418604651 0.05980066445182729
0 0.3005813953488372 0.4642857142857143 0.03837209302325583 0.054817275747508276
0 0.3494601328903654 0.4676079734219269 0.04842192691029901 0.061461794019933576
0 0.46594684385382057 0.46677740863787376 0.04385382059800662 0.10963455149501662
0 0.2430232558139535 0.7001661129568106 0.05664451827242527 0.10132890365448517
0 0.7423172757475086 0.9119601328903655 0.09410299003322282 0.17607973421926912
0 0.3202242524916942 0.5523255813953485 0.0447674418604653 0.07142857142857159
