0 0.6963327370304115 0.7748414376321352 0.06440071556350631 0.1235973328996586
0 0.7249552772808587 0.6894617010896081 0.08586762075134174 0.08619287689055141
0 0.770572450805009 0.6626280696048138 0.06440071556350631 0.08131403480240693
0 0.8144007155635063 0.6227841925516344 0.04830053667262959 0.07968775410635878
0 0.8877459749552774 0.6138396487233697 0.05903398926654745 0.09107171897869577
0 0.8327370304114491 0.8716051390469997 0.12969588550983902 0.11546592941941781
0 0.8318425760286225 0.7724020165880632 0.11359570661896243 0.09920312245893627
0 0.8389982110912345 0.711416490486258 0.08318425760286217 0.10082940315498448
0 0.7558139534883722 0.9171409985363477 0.1064400715563508 0.14799154334038078
0 0.6560822898032201 0.8976256301837696 0.08050089445438281 0.13172873637989924
0 0.5550089445438283 0.9345828590014638 0.07871198568872999 0.13083428199707242
0 0.5348837209302327 0.8122458936412426 0.07602862254025049 0.12684989429175503
0 0.5541144901610019 0.7219873150105708 0.050089445438282636 0.09920312245893627
0 0.6341681574239715 0.6691331923890064 0.09212880143112699 0.0845665961945032
0 0.49329159212880147 0.6341681574239715 0.07692307692307679 0.06993006993006994
0 0.41279069767441867 0.6975931045698488 0.05366726296958852 0.07968775410635885
0 0.44141323792486586 0.769962595543991 0.0787119856887299 0.08781915758659949
0 0.37924865831842597 0.9016913319238903 0.12790697674418613 0.130102455683851
0 0.2589445438282648 0.8667262969588552 0.112701252236136 0.1089608066352254
0 0.28264758497316644 0.7577654903236302 0.12254025044722723 0.10245568385103283
0 0.24865831842576036 0.7179216132704505 0.06171735241502688 0.15937550821271756
0 0.3792486583184258 0.5268336314847943 0.04025044722719137 0.06667750853797351
0 0.3166368515205725 0.547162140185396 0.04740608228980321 0.06505122784192557
0 0.4333631484794278 0.5447227191413236 0.07513416815742396 0.06993006993006994
0 0.30143112701252245 0.45609042120670024 0.05098389982110909 0.05204098227354031
0 0.4709302325581396 0.44633273703041154 0.04472271914132378 0.08131403480240686
0 0.5143112701252237 0.5658643681899497 0.05635062611806802 0.06342494714587744
0 0.667710196779964 0.5951374207188161 0.07155635062611808 0.06017238575378101
0 0.9642218246869412 0.39510489510489516 0.0491949910554564 0.08944543828264756
