0 0.526702657807309 0.8039867109634552 0.09775747508305642 0.11960132890365457
0 0.5545681063122925 0.7275747508305648 0.05664451827242523 0.09966777408637881
0 0.5468023255813954 0.9302325581395351 0.05755813953488364 0.12624584717607973
0 0.6614617940199335 0.9053156146179401 0.07674418604651173 0.13289036544850505
0 0.6938953488372093 0.7682724252491695 0.06303986710963456 0.1146179401993355
0 0.7496262458471763 0.8787375415282394 0.06852159468438462 0.10631229235880413
0 0.9401162790697675 0.7109634551495018 0.08222591362126237 0.11960132890365457
0 0.8683970099667775 0.9186046511627908 0.0941029900332225 0.1495016611295681
0 0.9755398671096346 0.9102990033222591 0.04892026578073086 0.1794019933554817
0 0.41524086378737546 0.6935215946843855 0.06303986710963456 0.08803986710963457
0 0.44127906976744186 0.7657807308970099 0.07491694352159463 0.11627906976744186
0 0.40062292358803986 0.8720930232558141 0.12699335548172755 0.12956810631229232
0 0.25764119601328905 0.8604651162790696 0.10963455149501655 0.13289036544850505
0 0.25535714285714284 0.9676079734219268 0.1544019933554817 0.06478405315614623
0 0.2850498338870432 0.75 0.10780730897009967 0.084717607973422
0 0.17404485049833887 0.7458471760797343 0.11785714285714284 0.1029900332225914
0 0.3106312292358804 0.5440199335548173 0.05116279069767444 0.061461794019933576
0 0.37778239202657815 0.5299003322259136 0.04659468438538205 0.05315614617940199
0 0.4344269102990034 0.5465116279069767 0.07034883720930232 0.06312292358803993
0 0.6404485049833888 0.6627906976744186 0.08039867109634542 0.06644518272425252
0 0.725872093023256 0.6926910299003322 0.0721760797342192 0.06312292358803986
0 0.7692691029900334 0.6810631229235881 0.07674418604651166 0.06976744186046517
0 0.8117524916943522 0.6287375415282392 0.048421926910299076 0.08471760797342177
0 0.6651162790697674 0.5855481727574751 0.09318936877076417 0.054817275747508276
0 0.9739202657807309 0.39534883720930236 0.04933554817275748 0.10963455149501662
0 0.3042358803986711 0.4568106312292359 0.0566445182724252 0.0631229235880398
0 0.47142857142857136 0.45182724252491696 0.054817275747508276 0.11627906976744186
0 0.4887873754152824 0.627906976744186 0.09867109634551503 0.07973421926910312
0 0.8528654485049835 0.6960132890365448 0.06121262458471748 0.1428571428571429
0 0.8281976744186048 0.8438538205980066 0.09410299003322266 0.08637873754152835
0 0.817234219269103 0.7674418604651163 0.1105481727574751 0.06312292358803986
0 0.5253322259136213 0.5340531561461794 0.06760797342192695 0.08803986710963457
0 0.5230481727574751 0.43272425249169444 0.0447674418604651 0.0946843853820598
