0 0.658264119601329 0.8961794019933556 0.07400332225913622 0.1312292358803988
0 0.6957225913621262 0.7666112956810632 0.061212624584717615 0.11129568106312292
0 0.7459717607973423 0.8920265780730897 0.06486710963455153 0.10631229235880398
0 0.8140365448504984 0.8521594684385382 0.09501661129568106 0.10631229235880398
0 0.9460548172757476 0.8205980066445183 0.0904485049833886 0.14950166112956823
0 0.9387458471760798 0.7059800664451827 0.06852159468438529 0.12292358803986715
0 0.8140365448504983 0.6320598006644519 0.058471760797342114 0.07142857142857154
0 0.776578073089701 0.670265780730897 0.07491694352159485 0.07142857142857145
0 0.6303986710963455 0.6586378737541528 0.0931893687707641 0.07475083056478397
0 0.6692275747508306 0.5996677740863787 0.09593023255813968 0.0830564784053157
0 0.536295681063123 0.9053156146179401 0.0749169435215947 0.1893687707641196
0 0.5353820598006646 0.8081395348837209 0.08770764119601332 0.1212624584717608
0 0.5504568106312293 0.7250830564784053 0.06486710963455153 0.09468438538205987
0 0.41341362126245845 0.6943521594684385 0.059385382059800665 0.07308970099667789
0 0.44356312292358807 0.7624584717607974 0.0758305647840531 0.09966777408637881
0 0.40930232558139534 0.8837209302325582 0.12973421926910297 0.11627906976744186
0 0.2759136212624585 0.7450166112956809 0.10415282392026573 0.10132890365448503
0 0.25764119601328905 0.856312292358804 0.11511627906976746 0.09468438538205973
0 0.17404485049833887 0.6918604651162791 0.09410299003322259 0.08803986710963443
0 0.31108803986710964 0.5448504983388704 0.03745847176079728 0.05315614617940199
0 0.373671096345515 0.5174418604651163 0.04750830564784053 0.054817275747508346
0 0.43168604651162795 0.5406976744186046 0.0630398671096345 0.06810631229235874
0 0.5175664451827242 0.5564784053156147 0.05573089700996675 0.06976744186046517
0 0.46320598006644514 0.46013289036544847 0.03837209302325583 0.0764119601328904
0 0.4563538205980066 0.6204318936877077 0.08131229235880405 0.06810631229235874
0 0.718563122923588 0.6951827242524916 0.0721760797342192 0.07142857142857154
0 0.9656976744186047 0.4210963455149502 0.062126245847176166 0.10797342192691026
0 0.8551495016611296 0.7034883720930232 0.058471760797342114 0.10797342192691026
0 0.8167774086378737 0.766611295681063 0.10415282392026569 0.07807308970099669
0 0.30286544850498337 0.46013289036544847 0.052076411960132844 0.06312292358803986
0 0.346546507383569 0.4538544928608998 0.048758824443700055 0.07669468060957342
