0 0.5340116279069768 0.814784053156146 0.09044850498338874 0.13122923588039853
0 0.55593853820598 0.7242524916943522 0.04842192691029901 0.09302325581395365
0 0.6363372093023257 0.6785714285714285 0.0922757475083057 0.0813953488372092
0 0.6948089700996678 0.7757475083056478 0.06303986710963472 0.10963455149501657
0 0.6536960132890366 0.9036544850498339 0.07034883720930232 0.1461794019933555
0 0.7436877076411961 0.8887043189368771 0.08039867109634542 0.10963455149501657
0 0.8195182724252491 0.856312292358804 0.09867109634551496 0.12126245847176068
0 0.9254983388704321 0.8064784053156145 0.09684385382059801 0.13455149501661126
0 0.936918604651163 0.7068106312292359 0.06486710963455139 0.14119601328903655
0 0.815406976744186 0.6345514950166113 0.0539036544850498 0.06644518272425244
0 0.7788621262458472 0.6677740863787376 0.07948504983388716 0.07641196013289026
0 0.7162790697674416 0.6901993355481707 0.08770764119601279 0.06146179401993337
0 0.8679401993355482 0.7001661129568106 0.05847176079734226 0.09136212624584715
0 0.8190614617940198 0.766611295681063 0.09958471760797337 0.0681063122923588
0 0.6710548172757476 0.5888704318936877 0.07217607973421927 0.07142857142857138
0 0.9620431893687709 0.40946843853820597 0.06212624584717602 0.10465116279069768
0 0.4143272425249169 0.6993355481727574 0.06669435215946848 0.06644518272425244
0 0.4385382059800665 0.7624584717607974 0.07491694352159463 0.09302325581395365
0 0.4015365448504983 0.8737541528239202 0.14526578073089702 0.1262458471760796
0 0.5340116279069769 0.946843853820598 0.10872093023255822 0.10631229235880398
0 0.2242940199335548 0.8745847176079735 0.08131229235880397 0.15448504983388717
0 0.2731727574750831 0.7541528239202657 0.09867109634551494 0.09966777408637867
0 0.1690199335548173 0.7026578073089701 0.10415282392026577 0.11295681063122927
0 0.2507890365448505 0.6752491694352158 0.059385382059800665 0.1146179401993355
0 0.4271179401993356 0.5481727574750832 0.07034883720930232 0.07308970099667782
0 0.5148255813953488 0.5647840531561462 0.06852159468438536 0.07308970099667775
0 0.373671096345515 0.5299003322259136 0.03471760797342192 0.06644518272425252
0 0.3097176079734219 0.5506644518272426 0.04385382059800662 0.05481727574750828
0 0.3005813953488372 0.4568106312292359 0.05481727574750824 0.05315614617940199
0 0.5203073089700997 0.4526578073089702 0.041112956810631186 0.041528239202657746
0 0.5294435215946844 0.425249169435216 0.039285714285714306 0.04651162790697676
0 0.4691445182724253 0.6179401993355482 0.061212624584717684 0.0697674418604651
0 0.2667774086378738 0.5755813953488372 0.0566445182724253 0.07142857142857138
0 0.4746262458471761 0.4659468438538205 0.03745847176079735 0.0880398671096345
0 0.18318106312292357 0.5049833887043189 0.03014950166112957 0.056478405315614565
0 0.1909468438538206 0.4634551495016611 0.052990033222591396 0.05315614617940199
