0 0.5143687707641196 0.7990033222591363 0.07674418604651166 0.1362126245847176
0 0.5563953488372093 0.7217607973421927 0.06943521594684392 0.11129568106312292
0 0.6948089700996678 0.7691029900332225 0.05755813953488371 0.10963455149501655
0 0.640905315614618 0.872923588039867 0.09775747508305656 0.14119601328903642
0 0.7523671096345516 0.9061461794019934 0.0941029900332225 0.13122923588039867
0 0.815406976744186 0.8372093023255814 0.08496677740863788 0.09966777408637881
0 0.8843853820598007 0.7691029900332225 0.13521594684385377 0.12292358803986715
0 0.9424003322259137 0.6868770764119602 0.09044850498338874 0.13122923588039867
0 0.9709717607973423 0.40780730897009965 0.05805647840531563 0.12458471760797352
0 0.8167774086378737 0.6262458471760798 0.05299003322259125 0.08970099667774072
0 0.768812292358804 0.6669435215946844 0.07034883720930239 0.0880398671096345
0 0.7318106312292358 0.7043189368770765 0.054817275747508346 0.06976744186046517
0 0.8099252491694352 0.7757475083056478 0.0758305647840531 0.06976744186046517
0 0.6335963455149501 0.6835548172757475 0.08313953488372093 0.08139534883720927
0 0.6674003322259137 0.5946843853820597 0.07217607973421927 0.07308970099667775
0 0.6943521594684386 0.5406976744186046 0.04750830564784067 0.06810631229235874
0 0.6473006644518273 0.6262458471760798 0.07583056478405326 0.0631229235880398
0 0.5120847176079734 0.6179401993355482 0.08131229235880405 0.06976744186046517
0 0.5143687707641196 0.5548172757475084 0.058471760797342114 0.05315614617940199
0 0.43168604651162795 0.5473421926910299 0.06852159468438536 0.061461794019933576
0 0.3764119601328904 0.521594684385382 0.04019933554817271 0.07308970099667775
0 0.2786544850498339 0.7425249169435216 0.09501661129568109 0.08305647840531563
0 0.25764119601328905 0.8696013289036544 0.10963455149501655 0.09136212624584715
0 0.41387043189368766 0.6943521594684385 0.054817275747508276 0.09302325581395338
0 0.44356312292358807 0.7558139534883722 0.08131229235880397 0.10631229235880411
0 0.40793189368770766 0.872093023255814 0.10872093023255815 0.10299003322259125
0 0.5276162790697675 0.9642857142857143 0.13064784053156145 0.07142857142857138
0 0.16719269102990034 0.7441860465116279 0.06578073089700999 0.169435215946844
0 0.2494186046511628 0.6744186046511628 0.04933554817275748 0.08637873754152821
0 0.31794019933554823 0.5406976744186046 0.04933554817275748 0.05813953488372085
0 0.27774086378737545 0.4916943521594685 0.04750830564784053 0.05980066445182722
0 0.5294435215946843 0.4410299003322259 0.0539036544850498 0.08139534883720927
0 0.46868770764119605 0.45598006644518274 0.04750830564784053 0.11794019933554821
0 0.41478405315614625 0.4817275747508306 0.043853820598006694 0.049833887043189404
0 0.1818106312292359 0.5091362126245847 0.04202657807308974 0.08139534883720927
0 0.5783222591362126 0.542358803986711 0.05847176079734218 0.084717607973422
