0 0.5221345514950166 0.8073089700996675 0.07948504983388709 0.12956810631229232
0 0.5545681063122924 0.7300664451827242 0.0621262458471761 0.09800664451827246
0 0.6993770764119601 0.7724252491694352 0.06852159468438543 0.12292358803986701
0 0.6482142857142857 0.8712624584717608 0.07765780730897014 0.14119601328903642
0 0.7551079734219276 0.887043189368771 0.0776578073089692 0.11627906976744212
0 0.5842607973421928 0.9551495016611296 0.08496677740863788 0.08970099667774094
0 0.7674418604651164 0.6893687707641196 0.07491694352159485 0.07973421926910298
0 0.8154069767441859 0.6254152823920266 0.059385382059800665 0.0880398671096345
0 0.9709717607973423 0.41611295681063126 0.05805647840531563 0.10132890365448503
0 0.9538205980066445 0.6594684385382059 0.08039867109634542 0.1760797342192692
0 0.8551495016611296 0.7026578073089701 0.0566445182724253 0.13289036544850488
0 0.8300249169435215 0.7740863787375416 0.10872093023255815 0.06976744186046517
0 0.8300249169435215 0.856312292358804 0.0922757475083057 0.13787375415282382
0 0.40975913621262466 0.8546511627906977 0.11785714285714284 0.09800664451827246
0 0.48284883720930233 0.9244186046511628 0.11602990033222596 0.15116279069767444
0 0.27819767441860466 0.7491694352159467 0.1050664451827242 0.09302325581395351
0 0.4143272425249169 0.6918604651162791 0.059385382059800665 0.08139534883720927
0 0.44493355481727576 0.7475083056478405 0.07674418604651159 0.10631229235880398
0 0.5111710963455149 0.6146179401993357 0.07217607973421934 0.07308970099667782
0 0.6294850498338871 0.6818936877076411 0.07674418604651166 0.06810631229235867
0 0.6993770764119601 0.6910299003322258 0.06669435215946834 0.0797342192691029
0 0.6605481727574751 0.5805647840531561 0.08222591362126246 0.061461794019933576
0 0.7491694352159469 0.49584717607973416 0.08770764119601324 0.07475083056478404
0 0.43716777408637875 0.5473421926910299 0.07034883720930224 0.07475083056478418
0 0.5184800664451827 0.5539867109634552 0.06669435215946848 0.07142857142857154
0 0.5769518272425249 0.5448504983388704 0.04842192691029901 0.10963455149501662
0 0.25490033222591363 0.8754152823920265 0.10415282392026576 0.10963455149501655
0 0.3512873754152824 0.9692691029900334 0.11054817275747507 0.061461794019933506
0 0.1795265780730897 0.7466777408637872 0.0429401993355482 0.17109634551495007
0 0.16673588039867113 0.6719269102990033 0.10323920265780732 0.084717607973422
0 0.2567275747508306 0.6926910299003322 0.06395348837209301 0.09302325581395345
0 0.3768687707641196 0.5332225913621262 0.04294019933554814 0.07641196013289032
0 0.31885382059800665 0.542358803986711 0.043853820598006694 0.07142857142857138
0 0.29692691029900337 0.4966777408637874 0.04750830564784053 0.04651162790697676
0 0.31108803986710964 0.44601328903654486 0.05755813953488374 0.0681063122923588
0 0.46777408637873763 0.4568106312292359 0.036544850498338874 0.08970099667774085
0 0.5312707641196014 0.4418604651162791 0.052076411960132844 0.06644518272425244
0 0.2708887043189369 0.5988372093023256 0.053903654485049836 0.10797342192691034
