0 0.6573504983388705 0.8878737541528239 0.06852159468438551 0.1644518272425249
0 0.6902408637873754 0.7682724252491695 0.05755813953488385 0.10797342192691034
0 0.7560215946843855 0.8787375415282392 0.061212624584717615 0.12292358803986715
0 0.8090116279069767 0.8205980066445183 0.07400332225913629 0.11295681063122913
0 0.7733803986710963 0.691029900332226 0.07217607973421934 0.09634551495016609
0 0.8058139534883721 0.622093023255814 0.0566445182724253 0.0813953488372092
0 0.8514950166112957 0.7043189368770765 0.06943521594684383 0.11295681063122913
0 0.9661544850498339 0.4385382059800665 0.059385382059800804 0.1461794019933555
0 0.6760797342192691 0.5838870431893688 0.09136212624584722 0.07142857142857138
0 0.637250830564784 0.6553156146179401 0.08679401993355483 0.06478405315614609
0 0.6966362126245847 0.6976744186046511 0.08496677740863788 0.06644518272425244
0 0.5637043189368771 0.7250830564784053 0.07126245847176087 0.10797342192691034
0 0.5244186046511627 0.8205980066445183 0.08770764119601324 0.14950166112956823
0 0.4262043189368771 0.8554817275747508 0.10872093023255815 0.11627906976744186
0 0.44036544850498344 0.7691029900332225 0.0840531561461794 0.07308970099667775
0 0.41615448504983393 0.7043189368770765 0.06486710963455153 0.08637873754152821
0 0.5125415282392026 0.627906976744186 0.0749169435215947 0.0764119601328904
0 0.5102574750830565 0.5598006644518273 0.0539036544850498 0.056478405315614495
0 0.28596345514950167 0.75 0.11694352159468434 0.084717607973422
0 0.2507890365448505 0.8837209302325582 0.09410299003322259 0.12292358803986701
0 0.17495847176079735 0.7367109634551494 0.081312292358804 0.12458471760797338
0 0.17130398671096345 0.6752491694352158 0.08496677740863787 0.10797342192691019
0 0.2900747508305648 0.6885382059800665 0.09958471760797344 0.09468438538205973
0 0.26997508305647844 0.5755813953488372 0.05573089700996675 0.08139534883720934
0 0.31291528239202654 0.5606312292358804 0.0539036544850498 0.08139534883720927
0 0.4718853820598007 0.44850498338870437 0.04294019933554814 0.13289036544850497
0 0.5312707641196013 0.4393687707641197 0.04842192691029901 0.08139534883720927
0 0.7528239202657808 0.5016611295681064 0.06395348837209297 0.07973421926910298
0 0.584717607973422 0.9435215946843855 0.10780730897009974 0.08637873754152821
0 0.5011212624584718 0.9634551495016612 0.04842192691029901 0.07308970099667775
0 0.3955980066445183 0.9659468438538207 0.15166112956810626 0.0681063122923588
0 0.3005813953488372 0.45182724252491696 0.040199335548172746 0.05315614617940199
0 0.37549833887043194 0.4634551495016611 0.03471760797342185 0.05315614617940199
0 0.43168604651162795 0.5440199335548173 0.06669435215946841 0.06478405315614609
0 0.5719269102990033 0.5307308970099668 0.045681063122923644 0.07142857142857138
0 0.18409468438538204 0.49667774086378735 0.03197674418604653 0.049833887043189404
