0 0.520572450805009 0.8098064725971704 0.08318425760286217 0.1089608066352254
0 0.5567978533094812 0.73581070092698 0.07334525939177106 0.10733452593917718
0 0.686046511627907 0.7536997885835095 0.06708407871198574 0.09757684176288833
0 0.9546064400715565 0.8309481216457962 0.09078711985688713 0.11546592941941797
0 0.4525939177101969 0.8496503496503499 0.05992844364937376 0.130102455683851
0 0.5263864042933811 0.9467799642218248 0.0626118067978534 0.10644007155635052
0 0.6010733452593918 0.9459668238738007 0.07245080500894453 0.10806635225239873
0 0.6533989266547409 0.8805496828752644 0.07155635062611808 0.14961782403642887
0 0.7486583184257602 0.8919336477476014 0.07423971377459751 0.13660757846804372
0 0.8032200357781754 0.85371605139047 0.07781753130590346 0.1284761749878031
0 0.8103756708407874 0.7772808586762077 0.09570661896243295 0.0894454382826477
0 0.8524150268336317 0.7049113677020654 0.09391771019678004 0.07155635062611808
0 0.7745974955277282 0.6788908765652951 0.08497316636851522 0.0748089120182145
0 0.783542039355993 0.6211579118555863 0.09212880143112699 0.09269799967474399
0 0.9700357781753133 0.4121808424134006 0.05903398926654745 0.08781915758659935
0 0.686046511627907 0.6959668238738007 0.07781753130590346 0.05366726296958859
0 0.64087656529517 0.6715726134330785 0.08586762075134168 0.06342494714587729
0 0.663237924865832 0.582940315498455 0.07692307692307693 0.07480891201821435
0 0.5120751341681575 0.6211579118555863 0.08407871198568884 0.056919824361684815
0 0.41905187835420404 0.6951536835257767 0.05366726296958859 0.0748089120182145
0 0.37164579606440085 0.8268824199056758 0.08765652951699458 0.130102455683851
0 0.44677996422182475 0.7602049113677022 0.08765652951699458 0.061798666449829225
0 0.24686940966010743 0.8683525776549033 0.08497316636851529 0.10245568385103283
0 0.17441860465116282 0.686209139697512 0.08318425760286226 0.10570824524312897
0 0.2777280858676208 0.7553260692795579 0.10912343470483013 0.09107171897869591
0 0.2763864042933811 0.6967799642218248 0.0670840787119857 0.10733452593917718
0 0.2584973166368516 0.5731826313221663 0.03309481216457961 0.07806147341031057
0 0.308139534883721 0.547162140185396 0.04114490161001793 0.06505122784192557
0 0.31127012522361375 0.462595543990893 0.06708407871198578 0.0650512278419255
0 0.4347048300536674 0.5520409822735404 0.06350626118067978 0.07480891201821444
0 0.5080500894454383 0.5593592454057571 0.04740608228980321 0.05691982436168488
0 0.47227191413237934 0.44877215807448373 0.03667262969588549 0.08944543828264756
0 0.5254919499105545 0.42763050902585803 0.05008944543828278 0.056919824361684815
0 0.7437388193202148 0.5024394210440722 0.051878354203935544 0.05366726296958866
