0 0.9545265780730898 0.8363787375415282 0.09094684385382053 0.09136212624584715
0 0.9419435215946845 0.7217607973421927 0.08222591362126237 0.11461794019933563
0 0.8528654485049835 0.6943521594684385 0.06852159468438543 0.09966777408637881
0 0.6523255813953487 0.8845514950166113 0.05847176079734218 0.1279069767441861
0 0.6870431893687708 0.7691029900332225 0.052990033222591396 0.11295681063122925
0 0.7487126245847177 0.8862126245847176 0.059385382059800665 0.10465116279069775
0 0.8099252491694352 0.8488372093023255 0.08131229235880397 0.08970099667774079
0 0.8186046511627907 0.7707641196013288 0.0931893687707641 0.07641196013289032
0 0.770639534883721 0.6802325581395349 0.08313953488372107 0.0681063122923588
0 0.762873754152824 0.6204318936877076 0.0749169435215947 0.07475083056478397
0 0.9734634551495017 0.41860465116279066 0.04476744186046517 0.10963455149501661
0 0.664202657807309 0.5822259136212624 0.07491694352159478 0.06478405315614609
0 0.6655730897009967 0.6968438538205979 0.07948504983388709 0.06478405315614609
0 0.6212624584717608 0.6644518272425249 0.09136212624584715 0.07641196013289026
0 0.5120847176079734 0.622093023255814 0.09775747508305649 0.06810631229235874
0 0.24210963455149503 0.8737541528239202 0.09867109634551496 0.11627906976744186
0 0.27956810631229234 0.7566445182724252 0.1114617940199335 0.09136212624584729
0 0.2759136212624585 0.6985049833887044 0.0621262458471761 0.09468438538205973
0 0.3659053156146179 0.6885382059800663 0.05573089700996675 0.12126245847176072
0 0.4481312292358804 0.8397009966777409 0.06486710963455153 0.14451827242524914
0 0.526702657807309 0.8181063122923586 0.06486710963455146 0.14451827242524928
0 0.48147840531561464 0.7475083056478405 0.07308970099667775 0.07641196013289032
0 0.42437707641196015 0.6951827242524916 0.050249169435215964 0.09800664451827246
0 0.6093853820598006 0.9518272425249169 0.0712624584717608 0.09634551495016609
0 0.5573089700996678 0.7325581395348837 0.054817275747508415 0.11295681063122913
0 0.5157392026578073 0.9559800664451827 0.07583056478405319 0.08803986710963457
0 0.31474252491694354 0.9825581395348837 0.14343853820598007 0.03488372093023244
0 0.25764119601328905 0.5722591362126246 0.043853820598006694 0.061461794019933576
0 0.31108803986710964 0.5481727574750831 0.05390365448504987 0.05980066445182722
0 0.36407807308970097 0.5282392026578073 0.039285714285714306 0.056478405315614634
0 0.43214285714285716 0.5481727574750831 0.06578073089700993 0.07308970099667775
0 0.5024916943521595 0.5548172757475084 0.03471760797342185 0.04651162790697669
0 0.7414036544850497 0.5024916943521595 0.059385382059800665 0.054817275747508276
0 0.5239617940199337 0.45348837209302334 0.04111295681063133 0.04651162790697676
0 0.31565614617940196 0.46096345514950166 0.06303986710963456 0.05481727574750821
0 0.4129568106312293 0.49916943521594687 0.05847176079734226 0.061461794019933576
0 0.47234219269103 0.4659468438538205 0.045681063122923575 0.0880398671096345
0 0.1639950166112957 0.6794019933554817 0.08313953488372094 0.056478405315614565
0 0.16308139534883723 0.6362126245847176 0.052076411960132865 0.06312292358804
0 0.23799833887043192 0.627906976744186 0.06303986710963454 0.06312292358803986
