0 0.7455149501661131 0.8870431893687707 0.07126245847176066 0.11295681063122925
0 0.8053571428571428 0.8529900332225914 0.08679401993355483 0.0980066445182723
0 0.8094684385382059 0.7732558139534883 0.09867109634551496 0.07475083056478411
0 0.9364617940199337 0.7026578073089701 0.07857142857142861 0.12956810631229232
0 0.9545265780730898 0.8388704318936877 0.09094684385382053 0.11295681063122927
0 0.6920681063122923 0.7732558139534882 0.06121262458471761 0.1146179401993355
0 0.6536960132890366 0.8837209302325582 0.07583056478405319 0.13289036544850488
0 0.5874584717607974 0.9460132890365449 0.06760797342192695 0.09800664451827246
0 0.5212209302325581 0.9451827242524916 0.06303986710963456 0.10963455149501669
0 0.5276162790697674 0.8122923588039868 0.07217607973421927 0.12624584717607987
0 0.5582225913621263 0.7275747508305648 0.05847176079734218 0.09966777408637881
0 0.3284468438538206 0.9642857142857143 0.12333887043189375 0.07142857142857138
0 0.251702657807309 0.8828903654485049 0.1068936877076412 0.11129568106312306
0 0.2841362126245847 0.7599667774086378 0.1224252491694352 0.10797342192691019
0 0.17084717607973424 0.6926910299003322 0.1041528239202658 0.10963455149501662
0 0.28596345514950167 0.6918604651162791 0.06395348837209301 0.07475083056478397
0 0.44630398671096344 0.8355481727574751 0.07400332225913622 0.1362126245847176
0 0.4791943521594685 0.7441860465116279 0.07765780730897014 0.06976744186046517
0 0.4262043189368771 0.7034883720930232 0.06486710963455146 0.08139534883720927
0 0.36544850498338877 0.6877076411960132 0.06578073089701 0.12956810631229232
0 0.5084302325581396 0.627076411960133 0.07583056478405319 0.07475083056478411
0 0.7706395348837211 0.6760797342192691 0.08131229235880412 0.07308970099667768
0 0.8464700996677742 0.7051495016611296 0.07765780730897007 0.09800664451827246
0 0.7624169435215947 0.6137873754152824 0.06852159468438543 0.07807308970099676
0 0.5235049833887043 0.457641196013289 0.047508305647840456 0.0514950166112957
0 0.5408637873754152 0.4269102990033222 0.054817275747508276 0.05980066445182729
0 0.3046926910299003 0.4642857142857143 0.07948504983388706 0.054817275747508276
0 0.4271179401993356 0.5564784053156147 0.061212624584717615 0.056478405315614634
0 0.5171096345514951 0.5656146179401993 0.06943521594684383 0.05149501661129562
0 0.4495016611295681 0.51578073089701 0.05299003322259132 0.05813953488372093
0 0.47599667774086385 0.45182724252491696 0.03837209302325583 0.09302325581395351
0 0.25855481727574753 0.5755813953488372 0.04202657807308974 0.054817275747508276
0 0.30880398671096343 0.5490033222591362 0.04750830564784053 0.061461794019933576
0 0.36910299003322267 0.5240863787375415 0.043853820598006694 0.061461794019933506
0 0.3983388704318937 0.4750830564784053 0.02923588039867113 0.049833887043189334
0 0.6664867109634552 0.6985049833887044 0.06669435215946841 0.05481727574750849
0 0.6226328903654486 0.6619601328903656 0.07948504983388702 0.06146179401993365
0 0.6418189368770765 0.6187707641196013 0.039285714285714236 0.06478405315614616
0 0.6034468438538209 0.5946843853820597 0.053903654485049766 0.08637873754152851
0 0.7496262458471762 0.5049833887043189 0.06852159468438529 0.056478405315614565
0 0.9759966777408638 0.42441860465116277 0.048006644518272454 0.1146179401993355
