0 0.6441029900332225 0.8687707641196013 0.06578073089700993 0.10963455149501669
0 0.6906976744186047 0.771594684385382 0.06395348837209312 0.11129568106312292
0 0.7505398671096347 0.8911960132890365 0.06486710963455139 0.09468438538205987
0 0.8149501661129568 0.8596345514950164 0.09136212624584715 0.10465116279069761
0 0.8112956810631229 0.7740863787375415 0.09684385382059801 0.07308970099667775
0 0.8482973421926912 0.7051495016611296 0.07217607973421934 0.1013289036544849
0 0.9442275747508306 0.7134551495016612 0.07400332225913615 0.13122923588039867
0 0.9622923588039868 0.8579734219269102 0.07541528239202648 0.10132890365448517
0 0.5961378737541528 0.9385382059800661 0.06852159468438536 0.10963455149501668
0 0.5207641196013288 0.9485049833887044 0.06395348837209305 0.1029900332225914
0 0.3732142857142857 0.8745847176079734 0.07948504983388702 0.17774086378737536
0 0.2599252491694352 0.8679401993355481 0.1014119601328904 0.12458471760797338
0 0.16627906976744186 0.696843853820598 0.10963455149501661 0.0980066445182723
0 0.2754568106312293 0.7466777408637876 0.11420265780730897 0.07475083056478397
0 0.3604235880398672 0.6893687707641196 0.07583056478405319 0.11627906976744186
0 0.4230066445182725 0.7018272425249167 0.06578073089700993 0.09468438538205978
0 0.5317275747508305 0.8156146179401992 0.07491694352159463 0.14950166112956823
0 0.5563953488372093 0.723421926910299 0.04019933554817264 0.0813953488372094
0 0.44858803986710966 0.8264119601328906 0.06760797342192695 0.13455149501661126
0 0.48284883720930233 0.7317275747508307 0.07765780730897007 0.07807308970099669
0 0.7733803986710968 0.6710963455149499 0.09044850498338826 0.0697674418604651
0 0.7500830564784055 0.5980066445182725 0.06395348837209297 0.0697674418604651
0 0.9725913621262459 0.4069767441860465 0.054817275747508346 0.07641196013289032
0 0.2544435215946844 0.6129568106312292 0.050249169435215964 0.07308970099667775
0 0.27271594684385386 0.6818936877076411 0.06121262458471761 0.06810631229235867
0 0.4307724252491695 0.5548172757475084 0.06486710963455146 0.04651162790697676
0 0.5056893687707642 0.6196013289036545 0.07217607973421934 0.05980066445182715
0 0.5714700996677742 0.595514950166113 0.06669435215946841 0.048172757475083115
0 0.6340531561461794 0.6046511627906976 0.04933554817275748 0.07308970099667782
0 0.5125415282392027 0.5556478405315615 0.05847176079734226 0.05149501661129577
0 0.7409468438538207 0.4966777408637874 0.06943521594684383 0.06312292358803993
0 0.30514950166112953 0.4593023255813954 0.04568106312292354 0.054817275747508346
0 0.39148671096345516 0.4709302325581396 0.04294019933554821 0.054817275747508276
0 0.4732558139534885 0.47009966777408635 0.03471760797342209 0.06976744186046499
0 0.4833056478405316 0.4144518272425249 0.04933554817275748 0.061461794019933506
0 0.5376661129568105 0.42940199335548174 0.050249169435215964 0.061461794019933576
0 0.37184385382059804 0.5307308970099668 0.0475083056478406 0.04485049833887039
0 0.31885382059800665 0.5448504983388704 0.04019933554817278 0.049833887043189334
