0 0.6920681063122923 0.7691029900332225 0.06303986710963456 0.09966777408637881
0 0.7537375415282392 0.6096345514950166 0.07308970099667775 0.0697674418604651
0 0.7756644518272426 0.6760797342192691 0.08770764119601339 0.06312292358803986
0 0.9401162790697675 0.7101328903654485 0.08039867109634556 0.13122923588039867
0 0.948795681063123 0.8704318936877077 0.08313953488372093 0.12292358803986701
0 0.7464285714285716 0.8945182724252493 0.06760797342192688 0.10797342192691034
0 0.815406976744186 0.8521594684385383 0.0886212624584718 0.08637873754152821
0 0.6404485049833888 0.856312292358804 0.08588039867109643 0.10465116279069761
0 0.5965946843853821 0.9493355481727574 0.07857142857142854 0.10132890365448503
0 0.5230481727574751 0.9526578073089701 0.059385382059800665 0.09468438538205987
0 0.5568521594684386 0.728405315614618 0.05390365448504987 0.08803986710963457
0 0.5335548172757476 0.8181063122923589 0.06395348837209297 0.12458471760797352
0 0.4476744186046511 0.8380398671096347 0.06760797342192695 0.13455149501661126
0 0.4801079734219269 0.7466777408637876 0.07765780730897014 0.0681063122923588
0 0.42757475083056484 0.7034883720930232 0.054817275747508346 0.09136212624584715
0 0.36636212624584713 0.6877076411960132 0.06029900332225914 0.11627906976744186
0 0.31474252491694354 0.764950166112957 0.05573089700996683 0.12458471760797352
0 0.17404485049833887 0.6918604651162792 0.10141196013289036 0.084717607973422
0 0.2658637873754153 0.7516611295681063 0.09318936877076407 0.07807308970099669
0 0.28093853820597997 0.691029900332226 0.0721760797342193 0.09302325581395351
0 0.6468438538205982 0.691029900332226 0.07674418604651166 0.05980066445182715
0 0.6249169435215947 0.6578073089700998 0.0895348837209302 0.07973421926910305
0 0.7487126245847178 0.5049833887043189 0.06486710963455139 0.05980066445182729
0 0.9759966777408638 0.40780730897009965 0.04069767441860463 0.09136212624584715
0 0.575124584717608 0.590531561461794 0.06852159468438536 0.05149501661129577
0 0.5116279069767442 0.6270764119601329 0.07674418604651173 0.0681063122923588
0 0.5148255813953488 0.5656146179401993 0.07034883720930232 0.04485049833887047
0 0.4348837209302326 0.5656146179401993 0.07674418604651159 0.05481727574750828
0 0.4472176079734219 0.5199335548172758 0.05573089700996675 0.06644518272425244
0 0.3987956810631229 0.48421926910299007 0.03197674418604656 0.048172757475083046
0 0.3193106312292359 0.46179401993355484 0.04111295681063126 0.07308970099667775
0 0.31245847176079733 0.5514950166112957 0.04202657807308967 0.06312292358803986
0 0.36590531561461787 0.532392026578073 0.0447674418604651 0.058139534883720846
0 0.2558139534883721 0.6004983388704319 0.04568106312292361 0.09800664451827253
0 0.25033222591362125 0.8646179401993355 0.09318936877076416 0.12126245847176101
0 0.8131229235880398 0.7740863787375415 0.08953488372093034 0.07308970099667775
0 0.8487541528239203 0.7001661129568106 0.07674418604651166 0.10132890365448517
0 0.5760382059800665 0.45182724252491696 0.04294019933554814 0.06976744186046517
0 0.5317275747508305 0.4352159468438538 0.04385382059800662 0.06312292358803986
0 0.4727990033222592 0.45348837209302323 0.039285714285714236 0.06312292358803986
0 0.42940199335548174 0.4210963455149502 0.043853820598006694 0.07475083056478411
0 0.4791943521594685 0.41279069767441867 0.04842192691029901 0.061461794019933576
