0 0.6856727574750832 0.771594684385382 0.06486710963455167 0.10797342192691034
0 0.7537375415282392 0.6079734219269103 0.06395348837209297 0.07973421926910312
0 0.9455980066445184 0.7225913621262459 0.07491694352159456 0.12292358803986715
0 0.6473006644518273 0.8588039867109635 0.07583056478405326 0.12624584717607973
0 0.6020764119601328 0.9443521594684384 0.06760797342192695 0.10797342192691034
0 0.5180232558139535 0.9543189368770765 0.06212624584717602 0.09136212624584715
0 0.5330980066445182 0.8181063122923589 0.06669435215946834 0.14119601328903655
0 0.5582225913621263 0.7300664451827242 0.045681063122923644 0.10797342192691034
0 0.24896179401993357 0.8712624584717608 0.09410299003322255 0.1212624584717608
0 0.32068106312292355 0.7807308970099668 0.0621262458471761 0.15614617940199338
0 0.3585963455149502 0.7018272425249168 0.059385382059800734 0.14451827242524914
0 0.4275747508305648 0.6918604651162791 0.05664451827242523 0.0980066445182723
0 0.4467607973421927 0.8330564784053155 0.06760797342192688 0.15448504983388703
0 0.48696013289036544 0.7300664451827242 0.07308970099667768 0.09136212624584715
0 0.7491694352159469 0.8978405315614617 0.06760797342192688 0.10797342192691034
0 0.8044435215946845 0.8455149501661129 0.0758305647840531 0.09302325581395351
0 0.8126661129568106 0.776578073089701 0.09958471760797337 0.0813953488372094
0 0.842358803986711 0.7034883720930233 0.0895348837209302 0.08803986710963457
0 0.976453488372093 0.41777408637873753 0.0470930232558139 0.08139534883720927
0 0.6208056478405316 0.6561461794019934 0.09044850498338874 0.08970099667774094
0 0.5723837209302325 0.5963455149501662 0.07034883720930224 0.06644518272425252
0 0.5139119601328903 0.6179401993355481 0.07217607973421927 0.05980066445182715
0 0.7240448504983388 0.7126245847176079 0.09044850498338874 0.06644518272425244
0 0.7601328903654485 0.6669435215946844 0.09684385382059801 0.06478405315614616
0 0.7450581395348838 0.5066445182724252 0.053903654485049655 0.056478405315614565
0 0.16719269102990034 0.6827242524916944 0.10232558139534886 0.08637873754152828
0 0.28185215946843856 0.7300664451827242 0.0959302325581395 0.061461794019933506
0 0.2786544850498339 0.7018272425249169 0.06029900332225914 0.1478405315614618
0 0.2521594684385382 0.6104651162790697 0.04568106312292361 0.11794019933554821
0 0.3083471760797342 0.44269102990033227 0.031976744186046485 0.048172757475083046
0 0.36499169435215945 0.47176079734219273 0.05573089700996675 0.03986710963455145
0 0.3165697674418605 0.5465116279069767 0.0447674418604651 0.05315614617940199
0 0.3631644518272425 0.5382059800664452 0.04294019933554814 0.05980066445182715
0 0.43305647840531564 0.5573089700996678 0.06760797342192688 0.06810631229235874
0 0.4691445182724253 0.457641196013289 0.03745847176079728 0.06478405315614616
0 0.5742109634551495 0.46179401993355484 0.03745847176079735 0.07973421926910298
