0 0.5198504983388704 0.9568106312292359 0.054817275747508276 0.08637873754152821
0 0.5975083056478405 0.9102990033222591 0.054817275747508276 0.16611295681063126
0 0.6418189368770765 0.845514950166113 0.0630398671096345 0.13289036544850488
0 0.6902408637873754 0.7641196013289037 0.05390365448504994 0.11627906976744186
0 0.7541943521594685 0.8895348837209304 0.05755813953488371 0.13455149501661126
0 0.8108388704318937 0.8521594684385383 0.061212624584717476 0.10963455149501655
0 0.8144933554817277 0.7732558139534883 0.09410299003322266 0.09136212624584715
0 0.8482973421926912 0.7217607973421926 0.08313953488372078 0.1013289036544849
0 0.945141196013289 0.7101328903654485 0.0721760797342192 0.13122923588039867
0 0.9732558139534884 0.42026578073089704 0.05348837209302332 0.09966777408637881
0 0.756935215946844 0.5083056478405316 0.07400332225913629 0.07641196013289026
0 0.5856312292358804 0.4808970099667775 0.054817275747508276 0.1013289036544851
0 0.7738372093023256 0.6735880398671097 0.09136212624584729 0.06478405315614623
0 0.7281561461794022 0.7084717607973423 0.0931893687707641 0.0681063122923588
0 0.7573920265780731 0.6187707641196013 0.07308970099667775 0.07807308970099676
0 0.62171926910299 0.6569767441860465 0.09775747508305642 0.08471760797342193
0 0.5573089700996678 0.7275747508305648 0.04933554817275741 0.07641196013289032
0 0.5280730897009966 0.8156146179401993 0.06943521594684383 0.12292358803986701
0 0.48284883720930233 0.7400332225913623 0.07400332225913615 0.061461794019933506
0 0.453156146179402 0.8264119601328906 0.07308970099667775 0.13455149501661126
0 0.42757475083056484 0.6960132890365449 0.054817275747508346 0.09302325581395351
0 0.5120847176079735 0.6187707641196013 0.061212624584717615 0.07142857142857138
0 0.5728405315614619 0.595514950166113 0.08039867109634549 0.06478405315614616
0 0.5043189368770764 0.5614617940199336 0.05116279069767437 0.05647840531561471
0 0.33392857142857146 0.7923588039867111 0.07034883720930232 0.15614617940199338
0 0.36407807308970097 0.6976744186046511 0.05573089700996675 0.12956810631229237
0 0.24713455149501662 0.8621262458471761 0.07400332225913622 0.13289036544850505
0 0.16627906976744186 0.6960132890365449 0.09501661129568106 0.09634551495016609
0 0.2772840531561462 0.7433554817275748 0.10323920265780728 0.08803986710963457
0 0.27865448504983387 0.6985049833887044 0.06578073089700996 0.08803986710963457
0 0.2553571428571429 0.606312292358804 0.059385382059800707 0.09634551495016609
0 0.48056478405315617 0.44269102990033216 0.045681063122923575 0.11129568106312292
0 0.43351328903654485 0.5514950166112957 0.07034883720930224 0.05315614617940199
0 0.33941029900332226 0.46843853820598014 0.037458471760797425 0.036544850498338874
0 0.3051495016611296 0.4568106312292359 0.03289036544850497 0.04651162790697669
