0 0.6884136212624585 0.7624584717607974 0.06669435215946848 0.10963455149501657
0 0.7509966777408639 0.8928571428571428 0.06395348837209297 0.12126245847176094
0 0.8094684385382059 0.8546511627906977 0.0749169435215947 0.09800664451827246
0 0.805813953488372 0.7790697674418605 0.09136212624584715 0.08970099667774094
0 0.8524086378737542 0.7117940199335548 0.06578073089700993 0.11129568106312292
0 0.9474252491694353 0.7059800664451827 0.07308970099667775 0.15946843853820603
0 0.9709717607973423 0.4136212624584718 0.05805647840531563 0.1196013289036545
0 0.8327657807308971 0.5855481727574751 0.08496677740863788 0.06810631229235888
0 0.7797757475083057 0.6669435215946844 0.09593023255813961 0.061461794019933576
0 0.7436877076411961 0.6004983388704319 0.06943521594684383 0.09136212624584722
0 0.658264119601329 0.856312292358804 0.07400332225913622 0.10797342192691019
0 0.5897425249169436 0.8845514950166113 0.061212624584717545 0.13455149501661126
0 0.5253322259136213 0.9584717607973423 0.06578073089701 0.08305647840531563
0 0.2480481727574751 0.8604651162790696 0.09410299003322262 0.12292358803986715
0 0.170390365448505 0.6794019933554817 0.10689368770764121 0.09302325581395358
0 0.3279900332225914 0.7915282392026577 0.04933554817275748 0.15780730897009973
0 0.3627076411960133 0.6951827242524916 0.0566445182724253 0.13122923588039867
0 0.42529069767441885 0.6918604651162785 0.0666943521594682 0.09468438538205978
0 0.44630398671096344 0.8239202657807309 0.061212624584717615 0.12956810631229232
0 0.5244186046511627 0.8014950166112956 0.05664451827242523 0.12126245847176094
0 0.5504568106312293 0.7383720930232559 0.052076411960132775 0.13122923588039867
0 0.48513289036544854 0.7450166112956811 0.06578073089700993 0.09136212624584715
0 0.62171926910299 0.6569767441860467 0.09593023255813947 0.08803986710963457
0 0.5107142857142857 0.6303986710963456 0.07857142857142868 0.07475083056478411
0 0.5774086378737542 0.5897009966777409 0.07491694352159463 0.05980066445182729
0 0.509343853820598 0.5631229235880398 0.06669435215946848 0.05980066445182729
0 0.5856312292358804 0.47093023255813954 0.04385382059800662 0.08803986710963457
0 0.7596760797342194 0.4983388704318936 0.08496677740863788 0.0631229235880398
0 0.2521594684385382 0.622093023255814 0.03837209302325583 0.10797342192691041
0 0.3531146179401993 0.47009966777408635 0.05755813953488371 0.05315614617940192
0 0.2686046511627907 0.7142857142857143 0.07308970099667775 0.1362126245847176
0 0.47462624584717616 0.46013289036544847 0.04476744186046517 0.08637873754152821
0 0.43534053156146185 0.5406976744186046 0.09227574750830562 0.07807308970099669
