0 0.590656146179402 0.8936877076411962 0.050249169435215964 0.15282392026578065
0 0.6413621262458471 0.8554817275747508 0.06578073089700993 0.15282392026578065
0 0.6888704318936877 0.7682724252491695 0.0566445182724253 0.12126245847176094
0 0.7569352159468439 0.8928571428571428 0.05755813953488371 0.11794019933554821
0 0.8090116279069767 0.8529900332225914 0.08131229235880397 0.0980066445182723
0 0.817234219269103 0.7740863787375415 0.0886212624584718 0.09302325581395351
0 0.9510797342192692 0.7026578073089701 0.06943521594684383 0.11295681063122927
0 0.8505813953488373 0.707641196013289 0.06760797342192688 0.10963455149501655
0 0.7738372093023256 0.6694352159468439 0.08588039867109629 0.06312292358803993
0 0.8112956810631229 0.5938538205980066 0.04750830564784053 0.08139534883720934
0 0.7519102990033224 0.5506644518272426 0.05481727574750821 0.061461794019933576
0 0.7477990033222592 0.6171096345514951 0.061212624584717615 0.061461794019933576
0 0.7313538205980066 0.7051495016611296 0.07948504983388702 0.06810631229235894
0 0.5212209302325581 0.9493355481727574 0.07217607973421927 0.10132890365448503
0 0.25170265780730894 0.8671096345514951 0.08496677740863788 0.12956810631229246
0 0.32250830564784055 0.7732558139534885 0.052990033222591396 0.12458471760797352
0 0.3640780730897011 0.7018272425249169 0.052076411960132914 0.1212624584717608
0 0.42346345514950173 0.6885382059800665 0.05755813953488378 0.09468438538205973
0 0.4403654485049834 0.8272425249169436 0.06578073089700993 0.1262458471760796
0 0.526702657807309 0.7956810631229237 0.0447674418604651 0.12956810631229232
0 0.5513704318936877 0.7375415282392026 0.05024916943521582 0.13953488372093006
0 0.4787375415282392 0.7416943521594684 0.06578073089701 0.11129568106312292
0 0.2759136212624585 0.7034883720930233 0.06943521594684388 0.14451827242524914
0 0.1639950166112957 0.6744186046511628 0.0904485049833887 0.09302325581395345
0 0.6208056478405317 0.6611295681063123 0.10323920265780742 0.08305647840531556
0 0.5879152823920266 0.48089700996677737 0.050249169435215964 0.08471760797342193
0 0.5865448504983389 0.5888704318936877 0.0895348837209302 0.06810631229235888
0 0.5107142857142857 0.6254152823920266 0.07491694352159478 0.06478405315614609
0 0.5029485049833887 0.5548172757475083 0.059385382059800734 0.05647840531561471
0 0.43762458471760796 0.5506644518272426 0.07674418604651159 0.054817275747508276
0 0.4714285714285715 0.4626245847176079 0.045681063122923575 0.09136212624584722
0 0.4339700996677741 0.5091362126245847 0.04750830564784053 0.05813953488372093
0 0.34900332225913616 0.5232558139534883 0.04202657807308974 0.06312292358803986
0 0.30880398671096343 0.5755813953488372 0.05116279069767444 0.07807308970099669
0 0.37869601328903657 0.48421926910299 0.050249169435215964 0.09136212624584715
0 0.9746262458471762 0.404485049833887 0.05074750830564781 0.10132890365448503
