0 0.5276162790697675 0.9626245847176078 0.07034883720930232 0.07475083056478411
0 0.5961378737541528 0.8887043189368771 0.059385382059800734 0.1495016611295681
0 0.6450166112956811 0.8504983388704319 0.06943521594684392 0.12624584717607973
0 0.6911544850498339 0.7583056478405317 0.059385382059800804 0.10465116279069761
0 0.7761212624584718 0.6669435215946844 0.07583056478405326 0.06810631229235888
0 0.7477990033222592 0.6079734219269103 0.06852159468438543 0.0764119601328904
0 0.9424003322259137 0.6918604651162791 0.06303986710963456 0.11794019933554828
0 0.8135797342192691 0.8438538205980066 0.07948504983388702 0.08970099667774094
0 0.7596760797342194 0.8762458471760798 0.059385382059800665 0.08803986710963471
0 0.7583056478405317 0.9601328903654485 0.14983388704318926 0.0797342192691029
0 0.8496677740863788 0.6993355481727574 0.07674418604651151 0.11627906976744186
0 0.8190614617940198 0.7707641196013288 0.09410299003322266 0.08637873754152821
0 0.970514950166113 0.9335548172757475 0.058970099667774036 0.13289036544850488
0 0.5230481727574751 0.7948504983388703 0.05573089700996668 0.11794019933554808
0 0.5577657807308971 0.7192691029900332 0.050249169435215964 0.10631229235880398
0 0.6180647840531561 0.6569767441860465 0.10141196013289033 0.09800664451827253
0 0.42803156146179405 0.6918604651162791 0.04842192691029901 0.06810631229235894
0 0.4750830564784054 0.7292358803986712 0.04750830564784053 0.08305647840531577
0 0.4577242524916943 0.8181063122923589 0.0621262458471761 0.13122923588039867
0 0.3631644518272425 0.6893687707641196 0.05755813953488371 0.09634551495016609
0 0.3293604651162791 0.7848837209302326 0.053903654485049836 0.16777408637873747
0 0.2507890365448505 0.8787375415282392 0.08496677740863792 0.1461794019933555
0 0.16627906976744186 0.6901993355481727 0.10232558139534884 0.10132890365448496
0 0.3170265780730897 0.5539867109634551 0.03471760797342192 0.06810631229235874
0 0.3636212624584718 0.5340531561461793 0.04750830564784053 0.09136212624584722
0 0.43168604651162795 0.5598006644518273 0.06669435215946841 0.07973421926910298
0 0.5056893687707641 0.6179401993355482 0.07400332225913622 0.0764119601328904
0 0.5056893687707641 0.5672757475083057 0.04659468438538205 0.05813953488372093
0 0.5961378737541528 0.4950166112956811 0.04659468438538205 0.08637873754152821
0 0.9696013289036546 0.4186046511627907 0.06079734219269099 0.12292358803986708
0 0.8126661129568106 0.5365448504983388 0.059385382059800665 0.14285714285714285
0 0.2562707641196013 0.606312292358804 0.04842192691029901 0.11960132890365457
0 0.3723006644518273 0.47009966777408635 0.06669435215946848 0.05980066445182722
