0 0.4444767441860465 0.8214285714285714 0.06486710963455146 0.1146179401993355
0 0.5139119601328904 0.7699335548172758 0.048421926910299076 0.1212624584717608
0 0.4791943521594685 0.728405315614618 0.04476744186046517 0.11794019933554821
0 0.5509136212624586 0.73421926910299 0.04019933554817278 0.09302325581395351
0 0.7459717607973423 0.8828903654485051 0.05755813953488371 0.10797342192691019
0 0.8135797342192691 0.8480066445182723 0.08496677740863788 0.09800664451827246
0 0.8058139534883721 0.7807308970099669 0.09684385382059801 0.08305647840531563
0 0.948795681063123 0.696843853820598 0.04476744186046517 0.13122923588039867
0 0.8537790697674419 0.7159468438538207 0.06303986710963456 0.11960132890365444
0 0.7811461794019934 0.665282392026578 0.08588039867109643 0.0681063122923588
0 0.7322674418604652 0.7026578073089701 0.06852159468438543 0.05647840531561471
0 0.697093023255814 0.7574750830564784 0.06029900332225921 0.10963455149501669
0 0.613953488372093 0.6561461794019934 0.0986710963455149 0.08970099667774094
0 0.6527823920265782 0.850498338870432 0.05390365448505005 0.12956810631229249
0 0.5929401993355482 0.8554817275747508 0.045681063122923644 0.10299003322259125
0 0.6102990033222592 0.9310631229235881 0.11328903654485047 0.061461794019933506
0 0.35996677740863786 0.691029900332226 0.05116279069767444 0.09634551495016609
0 0.4284883720930233 0.6960132890365449 0.04933554817275748 0.09302325581395351
0 0.24348006644518272 0.8662790697674418 0.09227574750830567 0.12458471760797338
0 0.17495847176079735 0.6868770764119602 0.09227574750830564 0.09136212624584715
0 0.3197674418604651 0.5664451827242525 0.04385382059800666 0.07308970099667775
0 0.2567275747508306 0.6212624584717608 0.04568106312292361 0.08637873754152821
0 0.32616279069767445 0.7832225913621262 0.05116279069767444 0.13787375415282382
0 0.2855066445182724 0.7109634551495018 0.09775747508305649 0.06312292358803986
0 0.5920265780730897 0.4867109634551495 0.04933554817275741 0.08970099667774094
0 0.7487126245847177 0.6046511627906976 0.061212624584717476 0.06976744186046517
0 0.5056893687707641 0.6104651162790699 0.06303986710963456 0.06478405315614623
0 0.5892857142857143 0.5988372093023255 0.08588039867109629 0.061461794019933576
0 0.4303156146179402 0.5498338870431894 0.0749169435215947 0.06644518272425252
0 0.3713870431893687 0.5357142857142857 0.04842192691029901 0.0681063122923588
