0 0.6605481727574751 0.9460132890365449 0.09867109634551496 0.10797342192691034
0 0.6326827242524917 0.8421926910299004 0.059385382059800665 0.1262458471760796
0 0.6906976744186046 0.7691029900332225 0.06212624584717616 0.1029900332225914
0 0.7464285714285716 0.8779069767441859 0.06395348837209297 0.09468438538205973
0 0.8103820598006644 0.8588039867109635 0.05481727574750821 0.1029900332225914
0 0.9204734219269103 0.856312292358804 0.08496677740863788 0.15116279069767444
0 0.948795681063123 0.7084717607973423 0.07400332225913629 0.1279069767441861
0 0.850124584717608 0.7275747508305648 0.059385382059800665 0.11295681063122942
0 0.7889119601328903 0.7832225913621262 0.08313953488372093 0.07142857142857138
0 0.7710963455149502 0.6727574750830564 0.08222591362126266 0.06312292358803986
0 0.7528239202657808 0.6129568106312292 0.07308970099667761 0.07308970099667775
0 0.9746262458471762 0.425249169435216 0.05074750830564781 0.13953488372093026
0 0.5148255813953488 0.7906976744186046 0.04659468438538198 0.10963455149501668
0 0.5614202657807309 0.7308970099667772 0.04842192691029901 0.1029900332225914
0 0.4504152823920266 0.834717607973422 0.05664451827242523 0.12458471760797338
0 0.47599667774086385 0.7292358803986709 0.06029900332225914 0.08970099667774079
0 0.2443936877076412 0.8671096345514951 0.09410299003322262 0.1162790697674417
0 0.16719269102990034 0.6835548172757475 0.10780730897009966 0.09468438538205987
0 0.32616279069767445 0.7840531561461792 0.05481727574750831 0.1528239202657808
0 0.35996677740863786 0.6901993355481727 0.062126245847176166 0.10465116279069768
0 0.4271179401993356 0.6935215946843855 0.061212624584717615 0.09136212624584715
0 0.3188538205980066 0.5681063122923589 0.0420265780730897 0.0697674418604651
0 0.2804817275747508 0.6993355481727574 0.06760797342192688 0.10631229235880398
0 0.25444352159468436 0.6079734219269103 0.05207641196013288 0.1196013289036545
0 0.6153239202657808 0.6619601328903655 0.08496677740863774 0.0946843853820598
0 0.6354235880398671 0.6129568106312293 0.044767441860465024 0.06644518272425252
0 0.7455149501661131 0.4925249169435216 0.06212624584717602 0.054817275747508346
0 0.5933970099667774 0.49916943521594687 0.05938538205980059 0.08471760797342193
0 0.7286129568106312 0.6976744186046511 0.08131229235880397 0.07973421926910305
0 0.290531561461794 0.4318936877076412 0.04385382059800662 0.06312292358803986
0 0.4252906976744186 0.5498338870431893 0.06303986710963456 0.05315614617940205
0 0.5120847176079735 0.617109634551495 0.07583056478405326 0.06478405315614609
0 0.5783222591362126 0.5921926910299004 0.06578073089701 0.05813953488372093
0 0.5024916943521595 0.47009966777408635 0.043853820598006694 0.056478405315614634
0 0.8204318936877076 0.5307308970099667 0.04385382059800662 0.11794019933554808
0 0.04613787375415283 0.5564784053156145 0.0520764119601329 0.12956810631229237
