0 0.6349667774086378 0.8313953488372092 0.054817275747508346 0.12126245847176065
0 0.6966362126245847 0.7566445182724253 0.05207641196013299 0.08803986710963443
0 0.6144102990033222 0.6569767441860465 0.0904485049833886 0.08471760797342184
0 0.5111710963455149 0.7599667774086378 0.052076411960132844 0.1279069767441861
0 0.5554817275747509 0.7392026578073089 0.054817275747508415 0.12956810631229232
0 0.5193936877076412 0.9485049833887044 0.06669435215946841 0.1029900332225914
0 0.44950166112956824 0.829734219269103 0.06029900332225914 0.1478405315614617
0 0.46366279069767447 0.7192691029900334 0.046594684385382126 0.1029900332225914
0 0.42026578073089704 0.6827242524916943 0.045681063122923575 0.08305647840531563
0 0.333014950166113 0.7931893687707641 0.061212624584717615 0.1578073089700996
0 0.3659053156146179 0.691029900332226 0.06669435215946848 0.10631229235880404
0 0.24256644518272427 0.8637873754152824 0.09410299003322259 0.12624584717607973
0 0.1690199335548173 0.6777408637873754 0.08039867109634552 0.07641196013289026
0 0.3179401993355482 0.5598006644518273 0.04202657807308974 0.07973421926910298
0 0.29464285714285715 0.4401993355481727 0.03745847176079728 0.06644518272425252
0 0.2562707641196013 0.6196013289036544 0.03928571428571434 0.10299003322259132
0 0.952906976744186 0.6868770764119602 0.04933554817275748 0.11794019933554814
0 0.8980897009966777 0.6428571428571429 0.062126245847176166 0.07308970099667768
0 0.881187707641196 0.7832225913621262 0.0922757475083057 0.084717607973422
0 0.8144933554817277 0.7383720930232558 0.08679401993355483 0.061461794019933506
0 0.8286544850498339 0.8480066445182725 0.07308970099667775 0.07475083056478397
0 0.768812292358804 0.7873754152823921 0.048421926910299076 0.0797342192691029
0 0.761046511627907 0.8928571428571428 0.0712624584717608 0.1146179401993355
0 0.6751661129568106 0.9501661129568106 0.11511627906976735 0.09966777408637867
0 0.9759966777408638 0.4269102990033222 0.048006644518272454 0.12624584717607973
0 0.7770348837209303 0.6702657807308969 0.0776578073089702 0.0681063122923588
0 0.7363787375415282 0.7101328903654485 0.07491694352159456 0.06478405315614623
0 0.7555647840531562 0.6104651162790699 0.06395348837209297 0.07142857142857145
0 0.5070598006644519 0.621262458471761 0.07308970099667775 0.06312292358803986
0 0.5737541528239203 0.5921926910299004 0.06943521594684392 0.06810631229235888
0 0.5860880398671097 0.4925249169435216 0.04842192691029901 0.07142857142857145
0 0.4284883720930233 0.542358803986711 0.06395348837209305 0.07142857142857138
