0 0.44127906976744186 0.813953488372093 0.07308970099667768 0.13289036544850505
0 0.5134551495016612 0.7624584717607974 0.04933554817275756 0.14950166112956823
0 0.5609634551495017 0.7350498338870431 0.0420265780730896 0.12458471760797338
0 0.6929817275747508 0.7558139534883722 0.06303986710963472 0.09634551495016623
0 0.6390780730897011 0.8363787375415282 0.061212624584717615 0.1146179401993355
0 0.6509551495016612 0.9327242524916943 0.1288205980066445 0.1345514950166114
0 0.5253322259136213 0.9509966777408638 0.06029900332225914 0.09800664451827246
0 0.43762458471760796 0.9460132890365449 0.09136212624584722 0.10797342192691034
0 0.9519933554817277 0.6885382059800665 0.045681063122923575 0.1013289036544851
0 0.89078073089701 0.6478405315614617 0.06578073089700993 0.10963455149501655
0 0.8469269102990035 0.7857142857142857 0.09136212624584729 0.05980066445182729
0 0.8327657807308971 0.8388704318936877 0.07765780730897007 0.07973421926910305
0 0.7697259136212625 0.9061461794019934 0.07400332225913629 0.12790697674418594
0 0.8259136212624586 0.7433554817275748 0.11511627906976755 0.05813953488372093
0 0.7793189368770764 0.6710963455149502 0.09136212624584715 0.06976744186046517
0 0.7400332225913622 0.6046511627906976 0.06029900332225907 0.0797342192691029
0 0.7710963455149502 0.5780730897009967 0.05116279069767444 0.08970099667774094
0 0.7400332225913622 0.7018272425249168 0.07308970099667775 0.06146179401993365
0 0.590656146179402 0.4950166112956811 0.04294019933554814 0.07973421926910298
0 0.6180647840531561 0.654485049833887 0.09775747508305642 0.09634551495016602
0 0.5139119601328904 0.6129568106312293 0.07217607973421934 0.05980066445182729
0 0.3234219269102991 0.7898671096345515 0.0621262458471761 0.11794019933554807
0 0.26357973421926917 0.8803986710963454 0.07217607973421923 0.14617940199335563
0 0.36407807308970097 0.7043189368770765 0.06121262458471761 0.13289036544850497
0 0.2809385382059801 0.706810631229236 0.07217607973421927 0.1279069767441861
0 0.17084717607973424 0.6827242524916944 0.09684385382059803 0.08637873754152828
0 0.3257059800664452 0.5780730897009967 0.04842192691029901 0.09966777408637867
0 0.2562707641196013 0.6104651162790697 0.04294019933554818 0.09468438538205973
0 0.5029485049833887 0.5672757475083057 0.061212624584717615 0.0514950166112957
0 0.37869601328903657 0.5174418604651163 0.06486710963455153 0.061461794019933576
0 0.42346345514950173 0.7093023255813954 0.05573089700996683 0.11627906976744186
