0 0.95062292358804 0.6901993355481728 0.06121262458471777 0.11461794019933565
0 0.8980897009966777 0.6619601328903655 0.06760797342192688 0.0946843853820598
0 0.8263704318936876 0.5980066445182725 0.059385382059800665 0.06644518272425244
0 0.97234219269103 0.4210963455149502 0.05531561461794027 0.12458471760797345
0 0.7514534883720931 0.5971760797342192 0.06669435215946834 0.07475083056478404
0 0.7811461794019934 0.6644518272425247 0.09501661129568106 0.0797342192691029
0 0.6345099667774087 0.8222591362126246 0.052076411960132844 0.10963455149501655
0 0.6893272425249171 0.7508305647840531 0.05755813953488385 0.10963455149501669
0 0.8135797342192691 0.739202657807309 0.0922757475083057 0.07973421926910305
0 0.4312292358803987 0.9377076411960132 0.0749169435215947 0.12458471760797338
0 0.5221345514950166 0.946843853820598 0.06303986710963456 0.10631229235880398
0 0.4476744186046511 0.8048172757475084 0.05847176079734218 0.10797342192691019
0 0.5198504983388704 0.7981727574750831 0.06760797342192688 0.13455149501661112
0 0.559593023255814 0.7267441860465118 0.05390365448504987 0.10132890365448517
0 0.24119601328903656 0.8911960132890365 0.10598006644518275 0.13455149501661112
0 0.3142857142857143 0.7998338870431894 0.0566445182724253 0.13787375415282382
0 0.16764950166112957 0.6868770764119603 0.10323920265780734 0.07807308970099669
0 0.32113787375415287 0.5656146179401993 0.04294019933554821 0.07142857142857154
0 0.4038205980066445 0.6586378737541528 0.052990033222591396 0.084717607973422
0 0.3627076411960133 0.7034883720930233 0.04933554817275748 0.11129568106312292
0 0.28733388704318935 0.6794019933554817 0.08313953488372089 0.06976744186046517
0 0.6112126245847176 0.6594684385382059 0.09684385382059801 0.08637873754152828
0 0.7455149501661131 0.7799003322259136 0.04202657807308967 0.09468438538205973
0 0.8181478405315616 0.8388704318936877 0.0721760797342192 0.08970099667774094
0 0.7519102990033224 0.8803986710963454 0.06760797342192675 0.10631229235880411
0 0.6637458471760798 0.9377076411960132 0.1105481727574751 0.12126245847176094
0 0.5938538205980066 0.4883720930232556 0.05299003322259163 0.08637873754152818
0 0.2969269102990033 0.4277408637873754 0.051162790697674404 0.07142857142857138
0 0.5152823920265781 0.6179401993355482 0.07857142857142861 0.06976744186046517
0 0.5828903654485049 0.5921926910299004 0.09136212624584715 0.05813953488372093
